1 1
HELLO
[[2 0 0 2 2]
 [1 2 0 0 0]
 [1 2 2 2 0]
 [1 1 1 2 0]
 [2 2 1 1 2]]
0 0 0 1
HI 1 [[2 2 2 2 2]
 [2 2 2 2 2]
 [2 2 2 2 2]
 [2 2 2 2 2]
 [2 2 2 2 2]]
HI 2 [[2 2 2 2 2]
 [2 2 2 2 2]
 [2 2 2 2 2]
 [2 2 2 2 2]
 [2 2 2 2 2]]
1 0 1 2
HI 1 [[2 2 2 2 2]
 [1 2 2 2 2]
 [2 2 2 2 2]
 [2 2 2 2 2]
 [2 2 2 2 2]]
HI 2 [[2 2 2 2 2]
 [1 2 2 2 2]
 [2 2 2 2 2]
 [2 2 2 2 2]
 [2 2 2 2 2]]
2 0 2 3
HI 1 [[2 2 2 2 2]
 [1 2 2 2 2]
 [1 2 2 2 2]
 [2 2 2 2 2]
 [2 2 2 2 2]]
HI 2 [[2 2 2 2 2]
 [1 2 2 2 2]
 [1 2 2 2 2]
 [2 2 2 2 2]
 [2 2 2 2 2]]
3 0 3 4
HI 1 [[2 2 2 2 2]
 [1 2 2 2 2]
 [1 2 2 2 2]
 [1 2 2 2 2]
 [2 2 2 2 2]]
HI 2 [[2 2 2 2 2]
 [1 2 2 2 2]
 [1 2 2 2 2]
 [1 2 2 2 2]
 [2 2 2 2 2]]
4 0 4 5
HI 1 [[2 2 2 2 2]
 [1 2 2 2 2]
 [1 2 2 2 2]
 [1 2 2 2 2]
 [2 2 2 2 2]]
HI 2 [[2 2 2 2 2]
 [1 2 2 2 2]
 [1 2 2 2 2]
 [1 2 2 2 2]
 [2 2 2 2 2]]
0 1 0 1
HI 1 [[2 0 2 2 2]
 [1 2 2 2 2]
 [1 2 2 2 2]
 [1 2 2 2 2]
 [2 2 2 2 2]]
HI 2 [[2 0 2 2 2]
 [1 2 2 2 2]
 [1 2 2 2 2]
 [1 2 2 2 2]
 [2 2 2 2 2]]
1 1 1 2
HI 1 [[2 0 2 2 2]
 [1 2 2 2 2]
 [1 2 2 2 2]
 [1 2 2 2 2]
 [2 2 2 2 2]]
HI 2 [[2 0 2 2 2]
 [1 2 2 2 2]
 [1 2 2 2 2]
 [1 2 2 2 2]
 [2 2 2 2 2]]
2 1 2 3
HI 1 [[2 0 2 2 2]
 [1 2 2 2 2]
 [1 2 2 2 2]
 [1 2 2 2 2]
 [2 2 2 2 2]]
HI 2 [[2 0 2 2 2]
 [1 2 2 2 2]
 [1 2 2 2 2]
 [1 2 2 2 2]
 [2 2 2 2 2]]
3 1 3 4
HI 1 [[2 0 2 2 2]
 [1 2 2 2 2]
 [1 2 2 2 2]
 [1 1 2 2 2]
 [2 2 2 2 2]]
HI 2 [[2 0 2 2 2]
 [1 2 2 2 2]
 [1 2 2 2 2]
 [1 1 2 2 2]
 [2 2 2 2 2]]
4 1 4 5
HI 1 [[2 0 2 2 2]
 [1 2 2 2 2]
 [1 2 2 2 2]
 [1 1 2 2 2]
 [2 2 2 2 2]]
HI 2 [[2 0 2 2 2]
 [1 2 2 2 2]
 [1 2 2 2 2]
 [1 1 2 2 2]
 [2 2 2 2 2]]
0 2 0 1
HI 1 [[2 0 0 2 2]
 [1 2 2 2 2]
 [1 2 2 2 2]
 [1 1 2 2 2]
 [2 2 2 2 2]]
HI 2 [[2 0 0 2 2]
 [1 2 2 2 2]
 [1 2 2 2 2]
 [1 1 2 2 2]
 [2 2 2 2 2]]
1 2 1 2
HI 1 [[2 0 0 2 2]
 [1 2 0 2 2]
 [1 2 2 2 2]
 [1 1 2 2 2]
 [2 2 2 2 2]]
HI 2 [[2 0 0 2 2]
 [1 2 0 2 2]
 [1 2 2 2 2]
 [1 1 2 2 2]
 [2 2 2 2 2]]
2 2 2 3
HI 1 [[2 0 0 2 2]
 [1 2 0 2 2]
 [1 2 2 2 2]
 [1 1 2 2 2]
 [2 2 2 2 2]]
HI 2 [[2 0 0 2 2]
 [1 2 0 2 2]
 [1 2 2 2 2]
 [1 1 2 2 2]
 [2 2 2 2 2]]
3 2 3 4
HI 1 [[2 0 0 2 2]
 [1 2 0 2 2]
 [1 2 2 2 2]
 [1 1 1 2 2]
 [2 2 2 2 2]]
HI 2 [[2 0 0 2 2]
 [1 2 0 2 2]
 [1 2 2 2 2]
 [1 1 1 2 2]
 [2 2 2 2 2]]
4 2 4 5
HI 1 [[2 0 0 2 2]
 [1 2 0 2 2]
 [1 2 2 2 2]
 [1 1 1 2 2]
 [2 2 1 2 2]]
HI 2 [[2 0 0 2 2]
 [1 2 0 2 2]
 [1 2 2 2 2]
 [1 1 1 2 2]
 [2 2 1 2 2]]
0 3 0 1
HI 1 [[2 0 0 2 2]
 [1 2 0 2 2]
 [1 2 2 2 2]
 [1 1 1 2 2]
 [2 2 1 2 2]]
HI 2 [[2 0 0 2 2]
 [1 2 0 2 2]
 [1 2 2 2 2]
 [1 1 1 2 2]
 [2 2 1 2 2]]
1 3 1 2
HI 1 [[2 0 0 2 2]
 [1 2 0 0 2]
 [1 2 2 2 2]
 [1 1 1 2 2]
 [2 2 1 2 2]]
HI 2 [[2 0 0 2 2]
 [1 2 0 0 2]
 [1 2 2 2 2]
 [1 1 1 2 2]
 [2 2 1 2 2]]
2 3 2 3
HI 1 [[2 0 0 2 2]
 [1 2 0 0 2]
 [1 2 2 2 2]
 [1 1 1 2 2]
 [2 2 1 2 2]]
HI 2 [[2 0 0 2 2]
 [1 2 0 0 2]
 [1 2 2 2 2]
 [1 1 1 2 2]
 [2 2 1 2 2]]
3 3 3 4
HI 1 [[2 0 0 2 2]
 [1 2 0 0 2]
 [1 2 2 2 2]
 [1 1 1 2 2]
 [2 2 1 2 2]]
HI 2 [[2 0 0 2 2]
 [1 2 0 0 2]
 [1 2 2 2 2]
 [1 1 1 2 2]
 [2 2 1 2 2]]
4 3 4 5
HI 1 [[2 0 0 2 2]
 [1 2 0 0 2]
 [1 2 2 2 2]
 [1 1 1 2 2]
 [2 2 1 1 2]]
HI 2 [[2 0 0 2 2]
 [1 2 0 0 2]
 [1 2 2 2 2]
 [1 1 1 2 2]
 [2 2 1 1 2]]
0 4 0 1
HI 1 [[2 0 0 2 2]
 [1 2 0 0 2]
 [1 2 2 2 2]
 [1 1 1 2 2]
 [2 2 1 1 2]]
HI 2 [[2 0 0 2 2]
 [1 2 0 0 2]
 [1 2 2 2 2]
 [1 1 1 2 2]
 [2 2 1 1 2]]
1 4 1 2
HI 1 [[2 0 0 2 2]
 [1 2 0 0 0]
 [1 2 2 2 2]
 [1 1 1 2 2]
 [2 2 1 1 2]]
HI 2 [[2 0 0 2 2]
 [1 2 0 0 0]
 [1 2 2 2 2]
 [1 1 1 2 2]
 [2 2 1 1 2]]
2 4 2 3
HI 1 [[2 0 0 2 2]
 [1 2 0 0 0]
 [1 2 2 2 0]
 [1 1 1 2 2]
 [2 2 1 1 2]]
HI 2 [[2 0 0 2 2]
 [1 2 0 0 0]
 [1 2 2 2 0]
 [1 1 1 2 2]
 [2 2 1 1 2]]
3 4 3 4
HI 1 [[2 0 0 2 2]
 [1 2 0 0 0]
 [1 2 2 2 0]
 [1 1 1 2 0]
 [2 2 1 1 2]]
HI 2 [[2 0 0 2 2]
 [1 2 0 0 0]
 [1 2 2 2 0]
 [1 1 1 2 0]
 [2 2 1 1 2]]
4 4 4 5
HI 1 [[2 0 0 2 2]
 [1 2 0 0 0]
 [1 2 2 2 0]
 [1 1 1 2 0]
 [2 2 1 1 2]]
HI 2 [[2 0 0 2 2]
 [1 2 0 0 0]
 [1 2 2 2 0]
 [1 1 1 2 0]
 [2 2 1 1 2]]
1 2
HELLO
[[2 0 0 2 2]
 [1 2 0 0 0]
 [1 2 2 2 0]
 [1 1 1 2 0]
 [2 2 1 1 2]]
0 0 0 2
HI 1 [[2 2 2 2 2]
 [2 2 2 2 2]
 [2 2 2 2 2]
 [2 2 2 2 2]
 [2 2 2 2 2]
 [2 2 2 2 2]
 [2 2 2 2 2]
 [2 2 2 2 2]
 [2 2 2 2 2]
 [2 2 2 2 2]]
HI 2 [[2 2 2 2 2]
 [2 2 2 2 2]
 [2 2 2 2 2]
 [2 2 2 2 2]
 [2 2 2 2 2]
 [2 2 2 2 2]
 [2 2 2 2 2]
 [2 2 2 2 2]
 [2 2 2 2 2]
 [2 2 2 2 2]]
1 0 2 4
HI 1 [[2 2 2 2 2]
 [2 2 2 2 2]
 [1 2 2 2 2]
 [1 2 2 2 2]
 [2 2 2 2 2]
 [2 2 2 2 2]
 [2 2 2 2 2]
 [2 2 2 2 2]
 [2 2 2 2 2]
 [2 2 2 2 2]]
HI 2 [[2 2 2 2 2]
 [2 2 2 2 2]
 [1 2 2 2 2]
 [1 2 2 2 2]
 [2 2 2 2 2]
 [2 2 2 2 2]
 [2 2 2 2 2]
 [2 2 2 2 2]
 [2 2 2 2 2]
 [2 2 2 2 2]]
2 0 4 6
HI 1 [[2 2 2 2 2]
 [2 2 2 2 2]
 [1 2 2 2 2]
 [1 2 2 2 2]
 [1 2 2 2 2]
 [1 2 2 2 2]
 [2 2 2 2 2]
 [2 2 2 2 2]
 [2 2 2 2 2]
 [2 2 2 2 2]]
HI 2 [[2 2 2 2 2]
 [2 2 2 2 2]
 [1 2 2 2 2]
 [1 2 2 2 2]
 [1 2 2 2 2]
 [1 2 2 2 2]
 [2 2 2 2 2]
 [2 2 2 2 2]
 [2 2 2 2 2]
 [2 2 2 2 2]]
3 0 6 8
HI 1 [[2 2 2 2 2]
 [2 2 2 2 2]
 [1 2 2 2 2]
 [1 2 2 2 2]
 [1 2 2 2 2]
 [1 2 2 2 2]
 [1 2 2 2 2]
 [1 2 2 2 2]
 [2 2 2 2 2]
 [2 2 2 2 2]]
HI 2 [[2 2 2 2 2]
 [2 2 2 2 2]
 [1 2 2 2 2]
 [1 2 2 2 2]
 [1 2 2 2 2]
 [1 2 2 2 2]
 [1 2 2 2 2]
 [1 2 2 2 2]
 [2 2 2 2 2]
 [2 2 2 2 2]]
4 0 8 10
HI 1 [[2 2 2 2 2]
 [2 2 2 2 2]
 [1 2 2 2 2]
 [1 2 2 2 2]
 [1 2 2 2 2]
 [1 2 2 2 2]
 [1 2 2 2 2]
 [1 2 2 2 2]
 [2 2 2 2 2]
 [2 2 2 2 2]]
HI 2 [[2 2 2 2 2]
 [2 2 2 2 2]
 [1 2 2 2 2]
 [1 2 2 2 2]
 [1 2 2 2 2]
 [1 2 2 2 2]
 [1 2 2 2 2]
 [1 2 2 2 2]
 [2 2 2 2 2]
 [2 2 2 2 2]]
0 1 0 2
HI 1 [[2 0 2 2 2]
 [2 0 2 2 2]
 [1 2 2 2 2]
 [1 2 2 2 2]
 [1 2 2 2 2]
 [1 2 2 2 2]
 [1 2 2 2 2]
 [1 2 2 2 2]
 [2 2 2 2 2]
 [2 2 2 2 2]]
HI 2 [[2 0 2 2 2]
 [2 0 2 2 2]
 [1 2 2 2 2]
 [1 2 2 2 2]
 [1 2 2 2 2]
 [1 2 2 2 2]
 [1 2 2 2 2]
 [1 2 2 2 2]
 [2 2 2 2 2]
 [2 2 2 2 2]]
1 1 2 4
HI 1 [[2 0 2 2 2]
 [2 0 2 2 2]
 [1 2 2 2 2]
 [1 2 2 2 2]
 [1 2 2 2 2]
 [1 2 2 2 2]
 [1 2 2 2 2]
 [1 2 2 2 2]
 [2 2 2 2 2]
 [2 2 2 2 2]]
HI 2 [[2 0 2 2 2]
 [2 0 2 2 2]
 [1 2 2 2 2]
 [1 2 2 2 2]
 [1 2 2 2 2]
 [1 2 2 2 2]
 [1 2 2 2 2]
 [1 2 2 2 2]
 [2 2 2 2 2]
 [2 2 2 2 2]]
2 1 4 6
HI 1 [[2 0 2 2 2]
 [2 0 2 2 2]
 [1 2 2 2 2]
 [1 2 2 2 2]
 [1 2 2 2 2]
 [1 2 2 2 2]
 [1 2 2 2 2]
 [1 2 2 2 2]
 [2 2 2 2 2]
 [2 2 2 2 2]]
HI 2 [[2 0 2 2 2]
 [2 0 2 2 2]
 [1 2 2 2 2]
 [1 2 2 2 2]
 [1 2 2 2 2]
 [1 2 2 2 2]
 [1 2 2 2 2]
 [1 2 2 2 2]
 [2 2 2 2 2]
 [2 2 2 2 2]]
3 1 6 8
HI 1 [[2 0 2 2 2]
 [2 0 2 2 2]
 [1 2 2 2 2]
 [1 2 2 2 2]
 [1 2 2 2 2]
 [1 2 2 2 2]
 [1 1 2 2 2]
 [1 1 2 2 2]
 [2 2 2 2 2]
 [2 2 2 2 2]]
HI 2 [[2 0 2 2 2]
 [2 0 2 2 2]
 [1 2 2 2 2]
 [1 2 2 2 2]
 [1 2 2 2 2]
 [1 2 2 2 2]
 [1 1 2 2 2]
 [1 1 2 2 2]
 [2 2 2 2 2]
 [2 2 2 2 2]]
4 1 8 10
HI 1 [[2 0 2 2 2]
 [2 0 2 2 2]
 [1 2 2 2 2]
 [1 2 2 2 2]
 [1 2 2 2 2]
 [1 2 2 2 2]
 [1 1 2 2 2]
 [1 1 2 2 2]
 [2 2 2 2 2]
 [2 2 2 2 2]]
HI 2 [[2 0 2 2 2]
 [2 0 2 2 2]
 [1 2 2 2 2]
 [1 2 2 2 2]
 [1 2 2 2 2]
 [1 2 2 2 2]
 [1 1 2 2 2]
 [1 1 2 2 2]
 [2 2 2 2 2]
 [2 2 2 2 2]]
0 2 0 2
HI 1 [[2 0 0 2 2]
 [2 0 0 2 2]
 [1 2 2 2 2]
 [1 2 2 2 2]
 [1 2 2 2 2]
 [1 2 2 2 2]
 [1 1 2 2 2]
 [1 1 2 2 2]
 [2 2 2 2 2]
 [2 2 2 2 2]]
HI 2 [[2 0 0 2 2]
 [2 0 0 2 2]
 [1 2 2 2 2]
 [1 2 2 2 2]
 [1 2 2 2 2]
 [1 2 2 2 2]
 [1 1 2 2 2]
 [1 1 2 2 2]
 [2 2 2 2 2]
 [2 2 2 2 2]]
1 2 2 4
HI 1 [[2 0 0 2 2]
 [2 0 0 2 2]
 [1 2 0 2 2]
 [1 2 0 2 2]
 [1 2 2 2 2]
 [1 2 2 2 2]
 [1 1 2 2 2]
 [1 1 2 2 2]
 [2 2 2 2 2]
 [2 2 2 2 2]]
HI 2 [[2 0 0 2 2]
 [2 0 0 2 2]
 [1 2 0 2 2]
 [1 2 0 2 2]
 [1 2 2 2 2]
 [1 2 2 2 2]
 [1 1 2 2 2]
 [1 1 2 2 2]
 [2 2 2 2 2]
 [2 2 2 2 2]]
2 2 4 6
HI 1 [[2 0 0 2 2]
 [2 0 0 2 2]
 [1 2 0 2 2]
 [1 2 0 2 2]
 [1 2 2 2 2]
 [1 2 2 2 2]
 [1 1 2 2 2]
 [1 1 2 2 2]
 [2 2 2 2 2]
 [2 2 2 2 2]]
HI 2 [[2 0 0 2 2]
 [2 0 0 2 2]
 [1 2 0 2 2]
 [1 2 0 2 2]
 [1 2 2 2 2]
 [1 2 2 2 2]
 [1 1 2 2 2]
 [1 1 2 2 2]
 [2 2 2 2 2]
 [2 2 2 2 2]]
3 2 6 8
HI 1 [[2 0 0 2 2]
 [2 0 0 2 2]
 [1 2 0 2 2]
 [1 2 0 2 2]
 [1 2 2 2 2]
 [1 2 2 2 2]
 [1 1 1 2 2]
 [1 1 1 2 2]
 [2 2 2 2 2]
 [2 2 2 2 2]]
HI 2 [[2 0 0 2 2]
 [2 0 0 2 2]
 [1 2 0 2 2]
 [1 2 0 2 2]
 [1 2 2 2 2]
 [1 2 2 2 2]
 [1 1 1 2 2]
 [1 1 1 2 2]
 [2 2 2 2 2]
 [2 2 2 2 2]]
4 2 8 10
HI 1 [[2 0 0 2 2]
 [2 0 0 2 2]
 [1 2 0 2 2]
 [1 2 0 2 2]
 [1 2 2 2 2]
 [1 2 2 2 2]
 [1 1 1 2 2]
 [1 1 1 2 2]
 [2 2 1 2 2]
 [2 2 1 2 2]]
HI 2 [[2 0 0 2 2]
 [2 0 0 2 2]
 [1 2 0 2 2]
 [1 2 0 2 2]
 [1 2 2 2 2]
 [1 2 2 2 2]
 [1 1 1 2 2]
 [1 1 1 2 2]
 [2 2 1 2 2]
 [2 2 1 2 2]]
0 3 0 2
HI 1 [[2 0 0 2 2]
 [2 0 0 2 2]
 [1 2 0 2 2]
 [1 2 0 2 2]
 [1 2 2 2 2]
 [1 2 2 2 2]
 [1 1 1 2 2]
 [1 1 1 2 2]
 [2 2 1 2 2]
 [2 2 1 2 2]]
HI 2 [[2 0 0 2 2]
 [2 0 0 2 2]
 [1 2 0 2 2]
 [1 2 0 2 2]
 [1 2 2 2 2]
 [1 2 2 2 2]
 [1 1 1 2 2]
 [1 1 1 2 2]
 [2 2 1 2 2]
 [2 2 1 2 2]]
1 3 2 4
HI 1 [[2 0 0 2 2]
 [2 0 0 2 2]
 [1 2 0 0 2]
 [1 2 0 0 2]
 [1 2 2 2 2]
 [1 2 2 2 2]
 [1 1 1 2 2]
 [1 1 1 2 2]
 [2 2 1 2 2]
 [2 2 1 2 2]]
HI 2 [[2 0 0 2 2]
 [2 0 0 2 2]
 [1 2 0 0 2]
 [1 2 0 0 2]
 [1 2 2 2 2]
 [1 2 2 2 2]
 [1 1 1 2 2]
 [1 1 1 2 2]
 [2 2 1 2 2]
 [2 2 1 2 2]]
2 3 4 6
HI 1 [[2 0 0 2 2]
 [2 0 0 2 2]
 [1 2 0 0 2]
 [1 2 0 0 2]
 [1 2 2 2 2]
 [1 2 2 2 2]
 [1 1 1 2 2]
 [1 1 1 2 2]
 [2 2 1 2 2]
 [2 2 1 2 2]]
HI 2 [[2 0 0 2 2]
 [2 0 0 2 2]
 [1 2 0 0 2]
 [1 2 0 0 2]
 [1 2 2 2 2]
 [1 2 2 2 2]
 [1 1 1 2 2]
 [1 1 1 2 2]
 [2 2 1 2 2]
 [2 2 1 2 2]]
3 3 6 8
HI 1 [[2 0 0 2 2]
 [2 0 0 2 2]
 [1 2 0 0 2]
 [1 2 0 0 2]
 [1 2 2 2 2]
 [1 2 2 2 2]
 [1 1 1 2 2]
 [1 1 1 2 2]
 [2 2 1 2 2]
 [2 2 1 2 2]]
HI 2 [[2 0 0 2 2]
 [2 0 0 2 2]
 [1 2 0 0 2]
 [1 2 0 0 2]
 [1 2 2 2 2]
 [1 2 2 2 2]
 [1 1 1 2 2]
 [1 1 1 2 2]
 [2 2 1 2 2]
 [2 2 1 2 2]]
4 3 8 10
HI 1 [[2 0 0 2 2]
 [2 0 0 2 2]
 [1 2 0 0 2]
 [1 2 0 0 2]
 [1 2 2 2 2]
 [1 2 2 2 2]
 [1 1 1 2 2]
 [1 1 1 2 2]
 [2 2 1 1 2]
 [2 2 1 1 2]]
HI 2 [[2 0 0 2 2]
 [2 0 0 2 2]
 [1 2 0 0 2]
 [1 2 0 0 2]
 [1 2 2 2 2]
 [1 2 2 2 2]
 [1 1 1 2 2]
 [1 1 1 2 2]
 [2 2 1 1 2]
 [2 2 1 1 2]]
0 4 0 2
HI 1 [[2 0 0 2 2]
 [2 0 0 2 2]
 [1 2 0 0 2]
 [1 2 0 0 2]
 [1 2 2 2 2]
 [1 2 2 2 2]
 [1 1 1 2 2]
 [1 1 1 2 2]
 [2 2 1 1 2]
 [2 2 1 1 2]]
HI 2 [[2 0 0 2 2]
 [2 0 0 2 2]
 [1 2 0 0 2]
 [1 2 0 0 2]
 [1 2 2 2 2]
 [1 2 2 2 2]
 [1 1 1 2 2]
 [1 1 1 2 2]
 [2 2 1 1 2]
 [2 2 1 1 2]]
1 4 2 4
HI 1 [[2 0 0 2 2]
 [2 0 0 2 2]
 [1 2 0 0 0]
 [1 2 0 0 0]
 [1 2 2 2 2]
 [1 2 2 2 2]
 [1 1 1 2 2]
 [1 1 1 2 2]
 [2 2 1 1 2]
 [2 2 1 1 2]]
HI 2 [[2 0 0 2 2]
 [2 0 0 2 2]
 [1 2 0 0 0]
 [1 2 0 0 0]
 [1 2 2 2 2]
 [1 2 2 2 2]
 [1 1 1 2 2]
 [1 1 1 2 2]
 [2 2 1 1 2]
 [2 2 1 1 2]]
2 4 4 6
HI 1 [[2 0 0 2 2]
 [2 0 0 2 2]
 [1 2 0 0 0]
 [1 2 0 0 0]
 [1 2 2 2 0]
 [1 2 2 2 0]
 [1 1 1 2 2]
 [1 1 1 2 2]
 [2 2 1 1 2]
 [2 2 1 1 2]]
HI 2 [[2 0 0 2 2]
 [2 0 0 2 2]
 [1 2 0 0 0]
 [1 2 0 0 0]
 [1 2 2 2 0]
 [1 2 2 2 0]
 [1 1 1 2 2]
 [1 1 1 2 2]
 [2 2 1 1 2]
 [2 2 1 1 2]]
3 4 6 8
HI 1 [[2 0 0 2 2]
 [2 0 0 2 2]
 [1 2 0 0 0]
 [1 2 0 0 0]
 [1 2 2 2 0]
 [1 2 2 2 0]
 [1 1 1 2 0]
 [1 1 1 2 0]
 [2 2 1 1 2]
 [2 2 1 1 2]]
HI 2 [[2 0 0 2 2]
 [2 0 0 2 2]
 [1 2 0 0 0]
 [1 2 0 0 0]
 [1 2 2 2 0]
 [1 2 2 2 0]
 [1 1 1 2 0]
 [1 1 1 2 0]
 [2 2 1 1 2]
 [2 2 1 1 2]]
4 4 8 10
HI 1 [[2 0 0 2 2]
 [2 0 0 2 2]
 [1 2 0 0 0]
 [1 2 0 0 0]
 [1 2 2 2 0]
 [1 2 2 2 0]
 [1 1 1 2 0]
 [1 1 1 2 0]
 [2 2 1 1 2]
 [2 2 1 1 2]]
HI 2 [[2 0 0 2 2]
 [2 0 0 2 2]
 [1 2 0 0 0]
 [1 2 0 0 0]
 [1 2 2 2 0]
 [1 2 2 2 0]
 [1 1 1 2 0]
 [1 1 1 2 0]
 [2 2 1 1 2]
 [2 2 1 1 2]]
2 1
HELLO
[[2 0 0 2 2]
 [1 2 0 0 0]
 [1 2 2 2 0]
 [1 1 1 2 0]
 [2 2 1 1 2]]
0 0 0 1
HI 1 [[2 2 2 2 2 2 2 2 2 2]
 [2 2 2 2 2 2 2 2 2 2]
 [2 2 2 2 2 2 2 2 2 2]
 [2 2 2 2 2 2 2 2 2 2]
 [2 2 2 2 2 2 2 2 2 2]]
HI 2 [[2 2 2 2 2 2 2 2 2 2]
 [2 2 2 2 2 2 2 2 2 2]
 [2 2 2 2 2 2 2 2 2 2]
 [2 2 2 2 2 2 2 2 2 2]
 [2 2 2 2 2 2 2 2 2 2]]
1 0 1 2
HI 1 [[2 2 2 2 2 2 2 2 2 2]
 [1 2 2 2 2 2 2 2 2 2]
 [2 2 2 2 2 2 2 2 2 2]
 [2 2 2 2 2 2 2 2 2 2]
 [2 2 2 2 2 2 2 2 2 2]]
HI 2 [[2 2 2 2 2 2 2 2 2 2]
 [1 1 2 2 2 2 2 2 2 2]
 [2 2 2 2 2 2 2 2 2 2]
 [2 2 2 2 2 2 2 2 2 2]
 [2 2 2 2 2 2 2 2 2 2]]
2 0 2 3
HI 1 [[2 2 2 2 2 2 2 2 2 2]
 [1 1 2 2 2 2 2 2 2 2]
 [1 2 2 2 2 2 2 2 2 2]
 [2 2 2 2 2 2 2 2 2 2]
 [2 2 2 2 2 2 2 2 2 2]]
HI 2 [[2 2 2 2 2 2 2 2 2 2]
 [1 1 2 2 2 2 2 2 2 2]
 [1 1 2 2 2 2 2 2 2 2]
 [2 2 2 2 2 2 2 2 2 2]
 [2 2 2 2 2 2 2 2 2 2]]
3 0 3 4
HI 1 [[2 2 2 2 2 2 2 2 2 2]
 [1 1 2 2 2 2 2 2 2 2]
 [1 1 2 2 2 2 2 2 2 2]
 [1 2 2 2 2 2 2 2 2 2]
 [2 2 2 2 2 2 2 2 2 2]]
HI 2 [[2 2 2 2 2 2 2 2 2 2]
 [1 1 2 2 2 2 2 2 2 2]
 [1 1 2 2 2 2 2 2 2 2]
 [1 1 2 2 2 2 2 2 2 2]
 [2 2 2 2 2 2 2 2 2 2]]
4 0 4 5
HI 1 [[2 2 2 2 2 2 2 2 2 2]
 [1 1 2 2 2 2 2 2 2 2]
 [1 1 2 2 2 2 2 2 2 2]
 [1 1 2 2 2 2 2 2 2 2]
 [2 2 2 2 2 2 2 2 2 2]]
HI 2 [[2 2 2 2 2 2 2 2 2 2]
 [1 1 2 2 2 2 2 2 2 2]
 [1 1 2 2 2 2 2 2 2 2]
 [1 1 2 2 2 2 2 2 2 2]
 [2 2 2 2 2 2 2 2 2 2]]
0 1 0 1
HI 1 [[2 2 0 2 2 2 2 2 2 2]
 [1 1 2 2 2 2 2 2 2 2]
 [1 1 2 2 2 2 2 2 2 2]
 [1 1 2 2 2 2 2 2 2 2]
 [2 2 2 2 2 2 2 2 2 2]]
HI 2 [[2 2 0 0 2 2 2 2 2 2]
 [1 1 2 2 2 2 2 2 2 2]
 [1 1 2 2 2 2 2 2 2 2]
 [1 1 2 2 2 2 2 2 2 2]
 [2 2 2 2 2 2 2 2 2 2]]
1 1 1 2
HI 1 [[2 2 0 0 2 2 2 2 2 2]
 [1 1 2 2 2 2 2 2 2 2]
 [1 1 2 2 2 2 2 2 2 2]
 [1 1 2 2 2 2 2 2 2 2]
 [2 2 2 2 2 2 2 2 2 2]]
HI 2 [[2 2 0 0 2 2 2 2 2 2]
 [1 1 2 2 2 2 2 2 2 2]
 [1 1 2 2 2 2 2 2 2 2]
 [1 1 2 2 2 2 2 2 2 2]
 [2 2 2 2 2 2 2 2 2 2]]
2 1 2 3
HI 1 [[2 2 0 0 2 2 2 2 2 2]
 [1 1 2 2 2 2 2 2 2 2]
 [1 1 2 2 2 2 2 2 2 2]
 [1 1 2 2 2 2 2 2 2 2]
 [2 2 2 2 2 2 2 2 2 2]]
HI 2 [[2 2 0 0 2 2 2 2 2 2]
 [1 1 2 2 2 2 2 2 2 2]
 [1 1 2 2 2 2 2 2 2 2]
 [1 1 2 2 2 2 2 2 2 2]
 [2 2 2 2 2 2 2 2 2 2]]
3 1 3 4
HI 1 [[2 2 0 0 2 2 2 2 2 2]
 [1 1 2 2 2 2 2 2 2 2]
 [1 1 2 2 2 2 2 2 2 2]
 [1 1 1 2 2 2 2 2 2 2]
 [2 2 2 2 2 2 2 2 2 2]]
HI 2 [[2 2 0 0 2 2 2 2 2 2]
 [1 1 2 2 2 2 2 2 2 2]
 [1 1 2 2 2 2 2 2 2 2]
 [1 1 1 1 2 2 2 2 2 2]
 [2 2 2 2 2 2 2 2 2 2]]
4 1 4 5
HI 1 [[2 2 0 0 2 2 2 2 2 2]
 [1 1 2 2 2 2 2 2 2 2]
 [1 1 2 2 2 2 2 2 2 2]
 [1 1 1 1 2 2 2 2 2 2]
 [2 2 2 2 2 2 2 2 2 2]]
HI 2 [[2 2 0 0 2 2 2 2 2 2]
 [1 1 2 2 2 2 2 2 2 2]
 [1 1 2 2 2 2 2 2 2 2]
 [1 1 1 1 2 2 2 2 2 2]
 [2 2 2 2 2 2 2 2 2 2]]
0 2 0 1
HI 1 [[2 2 0 0 0 2 2 2 2 2]
 [1 1 2 2 2 2 2 2 2 2]
 [1 1 2 2 2 2 2 2 2 2]
 [1 1 1 1 2 2 2 2 2 2]
 [2 2 2 2 2 2 2 2 2 2]]
HI 2 [[2 2 0 0 0 0 2 2 2 2]
 [1 1 2 2 2 2 2 2 2 2]
 [1 1 2 2 2 2 2 2 2 2]
 [1 1 1 1 2 2 2 2 2 2]
 [2 2 2 2 2 2 2 2 2 2]]
1 2 1 2
HI 1 [[2 2 0 0 0 0 2 2 2 2]
 [1 1 2 2 0 2 2 2 2 2]
 [1 1 2 2 2 2 2 2 2 2]
 [1 1 1 1 2 2 2 2 2 2]
 [2 2 2 2 2 2 2 2 2 2]]
HI 2 [[2 2 0 0 0 0 2 2 2 2]
 [1 1 2 2 0 0 2 2 2 2]
 [1 1 2 2 2 2 2 2 2 2]
 [1 1 1 1 2 2 2 2 2 2]
 [2 2 2 2 2 2 2 2 2 2]]
2 2 2 3
HI 1 [[2 2 0 0 0 0 2 2 2 2]
 [1 1 2 2 0 0 2 2 2 2]
 [1 1 2 2 2 2 2 2 2 2]
 [1 1 1 1 2 2 2 2 2 2]
 [2 2 2 2 2 2 2 2 2 2]]
HI 2 [[2 2 0 0 0 0 2 2 2 2]
 [1 1 2 2 0 0 2 2 2 2]
 [1 1 2 2 2 2 2 2 2 2]
 [1 1 1 1 2 2 2 2 2 2]
 [2 2 2 2 2 2 2 2 2 2]]
3 2 3 4
HI 1 [[2 2 0 0 0 0 2 2 2 2]
 [1 1 2 2 0 0 2 2 2 2]
 [1 1 2 2 2 2 2 2 2 2]
 [1 1 1 1 1 2 2 2 2 2]
 [2 2 2 2 2 2 2 2 2 2]]
HI 2 [[2 2 0 0 0 0 2 2 2 2]
 [1 1 2 2 0 0 2 2 2 2]
 [1 1 2 2 2 2 2 2 2 2]
 [1 1 1 1 1 1 2 2 2 2]
 [2 2 2 2 2 2 2 2 2 2]]
4 2 4 5
HI 1 [[2 2 0 0 0 0 2 2 2 2]
 [1 1 2 2 0 0 2 2 2 2]
 [1 1 2 2 2 2 2 2 2 2]
 [1 1 1 1 1 1 2 2 2 2]
 [2 2 2 2 1 2 2 2 2 2]]
HI 2 [[2 2 0 0 0 0 2 2 2 2]
 [1 1 2 2 0 0 2 2 2 2]
 [1 1 2 2 2 2 2 2 2 2]
 [1 1 1 1 1 1 2 2 2 2]
 [2 2 2 2 1 1 2 2 2 2]]
0 3 0 1
HI 1 [[2 2 0 0 0 0 2 2 2 2]
 [1 1 2 2 0 0 2 2 2 2]
 [1 1 2 2 2 2 2 2 2 2]
 [1 1 1 1 1 1 2 2 2 2]
 [2 2 2 2 1 1 2 2 2 2]]
HI 2 [[2 2 0 0 0 0 2 2 2 2]
 [1 1 2 2 0 0 2 2 2 2]
 [1 1 2 2 2 2 2 2 2 2]
 [1 1 1 1 1 1 2 2 2 2]
 [2 2 2 2 1 1 2 2 2 2]]
1 3 1 2
HI 1 [[2 2 0 0 0 0 2 2 2 2]
 [1 1 2 2 0 0 0 2 2 2]
 [1 1 2 2 2 2 2 2 2 2]
 [1 1 1 1 1 1 2 2 2 2]
 [2 2 2 2 1 1 2 2 2 2]]
HI 2 [[2 2 0 0 0 0 2 2 2 2]
 [1 1 2 2 0 0 0 0 2 2]
 [1 1 2 2 2 2 2 2 2 2]
 [1 1 1 1 1 1 2 2 2 2]
 [2 2 2 2 1 1 2 2 2 2]]
2 3 2 3
HI 1 [[2 2 0 0 0 0 2 2 2 2]
 [1 1 2 2 0 0 0 0 2 2]
 [1 1 2 2 2 2 2 2 2 2]
 [1 1 1 1 1 1 2 2 2 2]
 [2 2 2 2 1 1 2 2 2 2]]
HI 2 [[2 2 0 0 0 0 2 2 2 2]
 [1 1 2 2 0 0 0 0 2 2]
 [1 1 2 2 2 2 2 2 2 2]
 [1 1 1 1 1 1 2 2 2 2]
 [2 2 2 2 1 1 2 2 2 2]]
3 3 3 4
HI 1 [[2 2 0 0 0 0 2 2 2 2]
 [1 1 2 2 0 0 0 0 2 2]
 [1 1 2 2 2 2 2 2 2 2]
 [1 1 1 1 1 1 2 2 2 2]
 [2 2 2 2 1 1 2 2 2 2]]
HI 2 [[2 2 0 0 0 0 2 2 2 2]
 [1 1 2 2 0 0 0 0 2 2]
 [1 1 2 2 2 2 2 2 2 2]
 [1 1 1 1 1 1 2 2 2 2]
 [2 2 2 2 1 1 2 2 2 2]]
4 3 4 5
HI 1 [[2 2 0 0 0 0 2 2 2 2]
 [1 1 2 2 0 0 0 0 2 2]
 [1 1 2 2 2 2 2 2 2 2]
 [1 1 1 1 1 1 2 2 2 2]
 [2 2 2 2 1 1 1 2 2 2]]
HI 2 [[2 2 0 0 0 0 2 2 2 2]
 [1 1 2 2 0 0 0 0 2 2]
 [1 1 2 2 2 2 2 2 2 2]
 [1 1 1 1 1 1 2 2 2 2]
 [2 2 2 2 1 1 1 1 2 2]]
0 4 0 1
HI 1 [[2 2 0 0 0 0 2 2 2 2]
 [1 1 2 2 0 0 0 0 2 2]
 [1 1 2 2 2 2 2 2 2 2]
 [1 1 1 1 1 1 2 2 2 2]
 [2 2 2 2 1 1 1 1 2 2]]
HI 2 [[2 2 0 0 0 0 2 2 2 2]
 [1 1 2 2 0 0 0 0 2 2]
 [1 1 2 2 2 2 2 2 2 2]
 [1 1 1 1 1 1 2 2 2 2]
 [2 2 2 2 1 1 1 1 2 2]]
1 4 1 2
HI 1 [[2 2 0 0 0 0 2 2 2 2]
 [1 1 2 2 0 0 0 0 0 2]
 [1 1 2 2 2 2 2 2 2 2]
 [1 1 1 1 1 1 2 2 2 2]
 [2 2 2 2 1 1 1 1 2 2]]
HI 2 [[2 2 0 0 0 0 2 2 2 2]
 [1 1 2 2 0 0 0 0 0 0]
 [1 1 2 2 2 2 2 2 2 2]
 [1 1 1 1 1 1 2 2 2 2]
 [2 2 2 2 1 1 1 1 2 2]]
2 4 2 3
HI 1 [[2 2 0 0 0 0 2 2 2 2]
 [1 1 2 2 0 0 0 0 0 0]
 [1 1 2 2 2 2 2 2 0 2]
 [1 1 1 1 1 1 2 2 2 2]
 [2 2 2 2 1 1 1 1 2 2]]
HI 2 [[2 2 0 0 0 0 2 2 2 2]
 [1 1 2 2 0 0 0 0 0 0]
 [1 1 2 2 2 2 2 2 0 0]
 [1 1 1 1 1 1 2 2 2 2]
 [2 2 2 2 1 1 1 1 2 2]]
3 4 3 4
HI 1 [[2 2 0 0 0 0 2 2 2 2]
 [1 1 2 2 0 0 0 0 0 0]
 [1 1 2 2 2 2 2 2 0 0]
 [1 1 1 1 1 1 2 2 0 2]
 [2 2 2 2 1 1 1 1 2 2]]
HI 2 [[2 2 0 0 0 0 2 2 2 2]
 [1 1 2 2 0 0 0 0 0 0]
 [1 1 2 2 2 2 2 2 0 0]
 [1 1 1 1 1 1 2 2 0 0]
 [2 2 2 2 1 1 1 1 2 2]]
4 4 4 5
HI 1 [[2 2 0 0 0 0 2 2 2 2]
 [1 1 2 2 0 0 0 0 0 0]
 [1 1 2 2 2 2 2 2 0 0]
 [1 1 1 1 1 1 2 2 0 0]
 [2 2 2 2 1 1 1 1 2 2]]
HI 2 [[2 2 0 0 0 0 2 2 2 2]
 [1 1 2 2 0 0 0 0 0 0]
 [1 1 2 2 2 2 2 2 0 0]
 [1 1 1 1 1 1 2 2 0 0]
 [2 2 2 2 1 1 1 1 2 2]]
2 2
HELLO
[[2 0 0 2 2]
 [1 2 0 0 0]
 [1 2 2 2 0]
 [1 1 1 2 0]
 [2 2 1 1 2]]
0 0 0 2
HI 1 [[2 2 2 2 2 2 2 2 2 2]
 [2 2 2 2 2 2 2 2 2 2]
 [2 2 2 2 2 2 2 2 2 2]
 [2 2 2 2 2 2 2 2 2 2]
 [2 2 2 2 2 2 2 2 2 2]
 [2 2 2 2 2 2 2 2 2 2]
 [2 2 2 2 2 2 2 2 2 2]
 [2 2 2 2 2 2 2 2 2 2]
 [2 2 2 2 2 2 2 2 2 2]
 [2 2 2 2 2 2 2 2 2 2]]
HI 2 [[2 2 2 2 2 2 2 2 2 2]
 [2 2 2 2 2 2 2 2 2 2]
 [2 2 2 2 2 2 2 2 2 2]
 [2 2 2 2 2 2 2 2 2 2]
 [2 2 2 2 2 2 2 2 2 2]
 [2 2 2 2 2 2 2 2 2 2]
 [2 2 2 2 2 2 2 2 2 2]
 [2 2 2 2 2 2 2 2 2 2]
 [2 2 2 2 2 2 2 2 2 2]
 [2 2 2 2 2 2 2 2 2 2]]
1 0 2 4
HI 1 [[2 2 2 2 2 2 2 2 2 2]
 [2 2 2 2 2 2 2 2 2 2]
 [1 2 2 2 2 2 2 2 2 2]
 [1 2 2 2 2 2 2 2 2 2]
 [2 2 2 2 2 2 2 2 2 2]
 [2 2 2 2 2 2 2 2 2 2]
 [2 2 2 2 2 2 2 2 2 2]
 [2 2 2 2 2 2 2 2 2 2]
 [2 2 2 2 2 2 2 2 2 2]
 [2 2 2 2 2 2 2 2 2 2]]
HI 2 [[2 2 2 2 2 2 2 2 2 2]
 [2 2 2 2 2 2 2 2 2 2]
 [1 1 2 2 2 2 2 2 2 2]
 [1 2 2 2 2 2 2 2 2 2]
 [2 2 2 2 2 2 2 2 2 2]
 [2 2 2 2 2 2 2 2 2 2]
 [2 2 2 2 2 2 2 2 2 2]
 [2 2 2 2 2 2 2 2 2 2]
 [2 2 2 2 2 2 2 2 2 2]
 [2 2 2 2 2 2 2 2 2 2]]
2 0 4 6
HI 1 [[2 2 2 2 2 2 2 2 2 2]
 [2 2 2 2 2 2 2 2 2 2]
 [1 1 2 2 2 2 2 2 2 2]
 [1 2 2 2 2 2 2 2 2 2]
 [1 2 2 2 2 2 2 2 2 2]
 [1 2 2 2 2 2 2 2 2 2]
 [2 2 2 2 2 2 2 2 2 2]
 [2 2 2 2 2 2 2 2 2 2]
 [2 2 2 2 2 2 2 2 2 2]
 [2 2 2 2 2 2 2 2 2 2]]
HI 2 [[2 2 2 2 2 2 2 2 2 2]
 [2 2 2 2 2 2 2 2 2 2]
 [1 1 2 2 2 2 2 2 2 2]
 [1 2 2 2 2 2 2 2 2 2]
 [1 1 2 2 2 2 2 2 2 2]
 [1 2 2 2 2 2 2 2 2 2]
 [2 2 2 2 2 2 2 2 2 2]
 [2 2 2 2 2 2 2 2 2 2]
 [2 2 2 2 2 2 2 2 2 2]
 [2 2 2 2 2 2 2 2 2 2]]
3 0 6 8
HI 1 [[2 2 2 2 2 2 2 2 2 2]
 [2 2 2 2 2 2 2 2 2 2]
 [1 1 2 2 2 2 2 2 2 2]
 [1 2 2 2 2 2 2 2 2 2]
 [1 1 2 2 2 2 2 2 2 2]
 [1 2 2 2 2 2 2 2 2 2]
 [1 2 2 2 2 2 2 2 2 2]
 [1 2 2 2 2 2 2 2 2 2]
 [2 2 2 2 2 2 2 2 2 2]
 [2 2 2 2 2 2 2 2 2 2]]
HI 2 [[2 2 2 2 2 2 2 2 2 2]
 [2 2 2 2 2 2 2 2 2 2]
 [1 1 2 2 2 2 2 2 2 2]
 [1 2 2 2 2 2 2 2 2 2]
 [1 1 2 2 2 2 2 2 2 2]
 [1 2 2 2 2 2 2 2 2 2]
 [1 1 2 2 2 2 2 2 2 2]
 [1 2 2 2 2 2 2 2 2 2]
 [2 2 2 2 2 2 2 2 2 2]
 [2 2 2 2 2 2 2 2 2 2]]
4 0 8 10
HI 1 [[2 2 2 2 2 2 2 2 2 2]
 [2 2 2 2 2 2 2 2 2 2]
 [1 1 2 2 2 2 2 2 2 2]
 [1 2 2 2 2 2 2 2 2 2]
 [1 1 2 2 2 2 2 2 2 2]
 [1 2 2 2 2 2 2 2 2 2]
 [1 1 2 2 2 2 2 2 2 2]
 [1 2 2 2 2 2 2 2 2 2]
 [2 2 2 2 2 2 2 2 2 2]
 [2 2 2 2 2 2 2 2 2 2]]
HI 2 [[2 2 2 2 2 2 2 2 2 2]
 [2 2 2 2 2 2 2 2 2 2]
 [1 1 2 2 2 2 2 2 2 2]
 [1 2 2 2 2 2 2 2 2 2]
 [1 1 2 2 2 2 2 2 2 2]
 [1 2 2 2 2 2 2 2 2 2]
 [1 1 2 2 2 2 2 2 2 2]
 [1 2 2 2 2 2 2 2 2 2]
 [2 2 2 2 2 2 2 2 2 2]
 [2 2 2 2 2 2 2 2 2 2]]
0 1 0 2
HI 1 [[2 2 0 2 2 2 2 2 2 2]
 [2 2 0 2 2 2 2 2 2 2]
 [1 1 2 2 2 2 2 2 2 2]
 [1 2 2 2 2 2 2 2 2 2]
 [1 1 2 2 2 2 2 2 2 2]
 [1 2 2 2 2 2 2 2 2 2]
 [1 1 2 2 2 2 2 2 2 2]
 [1 2 2 2 2 2 2 2 2 2]
 [2 2 2 2 2 2 2 2 2 2]
 [2 2 2 2 2 2 2 2 2 2]]
HI 2 [[2 2 0 0 2 2 2 2 2 2]
 [2 2 0 2 2 2 2 2 2 2]
 [1 1 2 2 2 2 2 2 2 2]
 [1 2 2 2 2 2 2 2 2 2]
 [1 1 2 2 2 2 2 2 2 2]
 [1 2 2 2 2 2 2 2 2 2]
 [1 1 2 2 2 2 2 2 2 2]
 [1 2 2 2 2 2 2 2 2 2]
 [2 2 2 2 2 2 2 2 2 2]
 [2 2 2 2 2 2 2 2 2 2]]
1 1 2 4
HI 1 [[2 2 0 0 2 2 2 2 2 2]
 [2 2 0 2 2 2 2 2 2 2]
 [1 1 2 2 2 2 2 2 2 2]
 [1 2 2 2 2 2 2 2 2 2]
 [1 1 2 2 2 2 2 2 2 2]
 [1 2 2 2 2 2 2 2 2 2]
 [1 1 2 2 2 2 2 2 2 2]
 [1 2 2 2 2 2 2 2 2 2]
 [2 2 2 2 2 2 2 2 2 2]
 [2 2 2 2 2 2 2 2 2 2]]
HI 2 [[2 2 0 0 2 2 2 2 2 2]
 [2 2 0 2 2 2 2 2 2 2]
 [1 1 2 2 2 2 2 2 2 2]
 [1 2 2 2 2 2 2 2 2 2]
 [1 1 2 2 2 2 2 2 2 2]
 [1 2 2 2 2 2 2 2 2 2]
 [1 1 2 2 2 2 2 2 2 2]
 [1 2 2 2 2 2 2 2 2 2]
 [2 2 2 2 2 2 2 2 2 2]
 [2 2 2 2 2 2 2 2 2 2]]
2 1 4 6
HI 1 [[2 2 0 0 2 2 2 2 2 2]
 [2 2 0 2 2 2 2 2 2 2]
 [1 1 2 2 2 2 2 2 2 2]
 [1 2 2 2 2 2 2 2 2 2]
 [1 1 2 2 2 2 2 2 2 2]
 [1 2 2 2 2 2 2 2 2 2]
 [1 1 2 2 2 2 2 2 2 2]
 [1 2 2 2 2 2 2 2 2 2]
 [2 2 2 2 2 2 2 2 2 2]
 [2 2 2 2 2 2 2 2 2 2]]
HI 2 [[2 2 0 0 2 2 2 2 2 2]
 [2 2 0 2 2 2 2 2 2 2]
 [1 1 2 2 2 2 2 2 2 2]
 [1 2 2 2 2 2 2 2 2 2]
 [1 1 2 2 2 2 2 2 2 2]
 [1 2 2 2 2 2 2 2 2 2]
 [1 1 2 2 2 2 2 2 2 2]
 [1 2 2 2 2 2 2 2 2 2]
 [2 2 2 2 2 2 2 2 2 2]
 [2 2 2 2 2 2 2 2 2 2]]
3 1 6 8
HI 1 [[2 2 0 0 2 2 2 2 2 2]
 [2 2 0 2 2 2 2 2 2 2]
 [1 1 2 2 2 2 2 2 2 2]
 [1 2 2 2 2 2 2 2 2 2]
 [1 1 2 2 2 2 2 2 2 2]
 [1 2 2 2 2 2 2 2 2 2]
 [1 1 1 2 2 2 2 2 2 2]
 [1 2 1 2 2 2 2 2 2 2]
 [2 2 2 2 2 2 2 2 2 2]
 [2 2 2 2 2 2 2 2 2 2]]
HI 2 [[2 2 0 0 2 2 2 2 2 2]
 [2 2 0 2 2 2 2 2 2 2]
 [1 1 2 2 2 2 2 2 2 2]
 [1 2 2 2 2 2 2 2 2 2]
 [1 1 2 2 2 2 2 2 2 2]
 [1 2 2 2 2 2 2 2 2 2]
 [1 1 1 1 2 2 2 2 2 2]
 [1 2 1 2 2 2 2 2 2 2]
 [2 2 2 2 2 2 2 2 2 2]
 [2 2 2 2 2 2 2 2 2 2]]
4 1 8 10
HI 1 [[2 2 0 0 2 2 2 2 2 2]
 [2 2 0 2 2 2 2 2 2 2]
 [1 1 2 2 2 2 2 2 2 2]
 [1 2 2 2 2 2 2 2 2 2]
 [1 1 2 2 2 2 2 2 2 2]
 [1 2 2 2 2 2 2 2 2 2]
 [1 1 1 1 2 2 2 2 2 2]
 [1 2 1 2 2 2 2 2 2 2]
 [2 2 2 2 2 2 2 2 2 2]
 [2 2 2 2 2 2 2 2 2 2]]
HI 2 [[2 2 0 0 2 2 2 2 2 2]
 [2 2 0 2 2 2 2 2 2 2]
 [1 1 2 2 2 2 2 2 2 2]
 [1 2 2 2 2 2 2 2 2 2]
 [1 1 2 2 2 2 2 2 2 2]
 [1 2 2 2 2 2 2 2 2 2]
 [1 1 1 1 2 2 2 2 2 2]
 [1 2 1 2 2 2 2 2 2 2]
 [2 2 2 2 2 2 2 2 2 2]
 [2 2 2 2 2 2 2 2 2 2]]
0 2 0 2
HI 1 [[2 2 0 0 0 2 2 2 2 2]
 [2 2 0 2 0 2 2 2 2 2]
 [1 1 2 2 2 2 2 2 2 2]
 [1 2 2 2 2 2 2 2 2 2]
 [1 1 2 2 2 2 2 2 2 2]
 [1 2 2 2 2 2 2 2 2 2]
 [1 1 1 1 2 2 2 2 2 2]
 [1 2 1 2 2 2 2 2 2 2]
 [2 2 2 2 2 2 2 2 2 2]
 [2 2 2 2 2 2 2 2 2 2]]
HI 2 [[2 2 0 0 0 0 2 2 2 2]
 [2 2 0 2 0 2 2 2 2 2]
 [1 1 2 2 2 2 2 2 2 2]
 [1 2 2 2 2 2 2 2 2 2]
 [1 1 2 2 2 2 2 2 2 2]
 [1 2 2 2 2 2 2 2 2 2]
 [1 1 1 1 2 2 2 2 2 2]
 [1 2 1 2 2 2 2 2 2 2]
 [2 2 2 2 2 2 2 2 2 2]
 [2 2 2 2 2 2 2 2 2 2]]
1 2 2 4
HI 1 [[2 2 0 0 0 0 2 2 2 2]
 [2 2 0 2 0 2 2 2 2 2]
 [1 1 2 2 0 2 2 2 2 2]
 [1 2 2 2 0 2 2 2 2 2]
 [1 1 2 2 2 2 2 2 2 2]
 [1 2 2 2 2 2 2 2 2 2]
 [1 1 1 1 2 2 2 2 2 2]
 [1 2 1 2 2 2 2 2 2 2]
 [2 2 2 2 2 2 2 2 2 2]
 [2 2 2 2 2 2 2 2 2 2]]
HI 2 [[2 2 0 0 0 0 2 2 2 2]
 [2 2 0 2 0 2 2 2 2 2]
 [1 1 2 2 0 0 2 2 2 2]
 [1 2 2 2 0 2 2 2 2 2]
 [1 1 2 2 2 2 2 2 2 2]
 [1 2 2 2 2 2 2 2 2 2]
 [1 1 1 1 2 2 2 2 2 2]
 [1 2 1 2 2 2 2 2 2 2]
 [2 2 2 2 2 2 2 2 2 2]
 [2 2 2 2 2 2 2 2 2 2]]
2 2 4 6
HI 1 [[2 2 0 0 0 0 2 2 2 2]
 [2 2 0 2 0 2 2 2 2 2]
 [1 1 2 2 0 0 2 2 2 2]
 [1 2 2 2 0 2 2 2 2 2]
 [1 1 2 2 2 2 2 2 2 2]
 [1 2 2 2 2 2 2 2 2 2]
 [1 1 1 1 2 2 2 2 2 2]
 [1 2 1 2 2 2 2 2 2 2]
 [2 2 2 2 2 2 2 2 2 2]
 [2 2 2 2 2 2 2 2 2 2]]
HI 2 [[2 2 0 0 0 0 2 2 2 2]
 [2 2 0 2 0 2 2 2 2 2]
 [1 1 2 2 0 0 2 2 2 2]
 [1 2 2 2 0 2 2 2 2 2]
 [1 1 2 2 2 2 2 2 2 2]
 [1 2 2 2 2 2 2 2 2 2]
 [1 1 1 1 2 2 2 2 2 2]
 [1 2 1 2 2 2 2 2 2 2]
 [2 2 2 2 2 2 2 2 2 2]
 [2 2 2 2 2 2 2 2 2 2]]
3 2 6 8
HI 1 [[2 2 0 0 0 0 2 2 2 2]
 [2 2 0 2 0 2 2 2 2 2]
 [1 1 2 2 0 0 2 2 2 2]
 [1 2 2 2 0 2 2 2 2 2]
 [1 1 2 2 2 2 2 2 2 2]
 [1 2 2 2 2 2 2 2 2 2]
 [1 1 1 1 1 2 2 2 2 2]
 [1 2 1 2 1 2 2 2 2 2]
 [2 2 2 2 2 2 2 2 2 2]
 [2 2 2 2 2 2 2 2 2 2]]
HI 2 [[2 2 0 0 0 0 2 2 2 2]
 [2 2 0 2 0 2 2 2 2 2]
 [1 1 2 2 0 0 2 2 2 2]
 [1 2 2 2 0 2 2 2 2 2]
 [1 1 2 2 2 2 2 2 2 2]
 [1 2 2 2 2 2 2 2 2 2]
 [1 1 1 1 1 1 2 2 2 2]
 [1 2 1 2 1 2 2 2 2 2]
 [2 2 2 2 2 2 2 2 2 2]
 [2 2 2 2 2 2 2 2 2 2]]
4 2 8 10
HI 1 [[2 2 0 0 0 0 2 2 2 2]
 [2 2 0 2 0 2 2 2 2 2]
 [1 1 2 2 0 0 2 2 2 2]
 [1 2 2 2 0 2 2 2 2 2]
 [1 1 2 2 2 2 2 2 2 2]
 [1 2 2 2 2 2 2 2 2 2]
 [1 1 1 1 1 1 2 2 2 2]
 [1 2 1 2 1 2 2 2 2 2]
 [2 2 2 2 1 2 2 2 2 2]
 [2 2 2 2 1 2 2 2 2 2]]
HI 2 [[2 2 0 0 0 0 2 2 2 2]
 [2 2 0 2 0 2 2 2 2 2]
 [1 1 2 2 0 0 2 2 2 2]
 [1 2 2 2 0 2 2 2 2 2]
 [1 1 2 2 2 2 2 2 2 2]
 [1 2 2 2 2 2 2 2 2 2]
 [1 1 1 1 1 1 2 2 2 2]
 [1 2 1 2 1 2 2 2 2 2]
 [2 2 2 2 1 1 2 2 2 2]
 [2 2 2 2 1 2 2 2 2 2]]
0 3 0 2
HI 1 [[2 2 0 0 0 0 2 2 2 2]
 [2 2 0 2 0 2 2 2 2 2]
 [1 1 2 2 0 0 2 2 2 2]
 [1 2 2 2 0 2 2 2 2 2]
 [1 1 2 2 2 2 2 2 2 2]
 [1 2 2 2 2 2 2 2 2 2]
 [1 1 1 1 1 1 2 2 2 2]
 [1 2 1 2 1 2 2 2 2 2]
 [2 2 2 2 1 1 2 2 2 2]
 [2 2 2 2 1 2 2 2 2 2]]
HI 2 [[2 2 0 0 0 0 2 2 2 2]
 [2 2 0 2 0 2 2 2 2 2]
 [1 1 2 2 0 0 2 2 2 2]
 [1 2 2 2 0 2 2 2 2 2]
 [1 1 2 2 2 2 2 2 2 2]
 [1 2 2 2 2 2 2 2 2 2]
 [1 1 1 1 1 1 2 2 2 2]
 [1 2 1 2 1 2 2 2 2 2]
 [2 2 2 2 1 1 2 2 2 2]
 [2 2 2 2 1 2 2 2 2 2]]
1 3 2 4
HI 1 [[2 2 0 0 0 0 2 2 2 2]
 [2 2 0 2 0 2 2 2 2 2]
 [1 1 2 2 0 0 0 2 2 2]
 [1 2 2 2 0 2 0 2 2 2]
 [1 1 2 2 2 2 2 2 2 2]
 [1 2 2 2 2 2 2 2 2 2]
 [1 1 1 1 1 1 2 2 2 2]
 [1 2 1 2 1 2 2 2 2 2]
 [2 2 2 2 1 1 2 2 2 2]
 [2 2 2 2 1 2 2 2 2 2]]
HI 2 [[2 2 0 0 0 0 2 2 2 2]
 [2 2 0 2 0 2 2 2 2 2]
 [1 1 2 2 0 0 0 0 2 2]
 [1 2 2 2 0 2 0 2 2 2]
 [1 1 2 2 2 2 2 2 2 2]
 [1 2 2 2 2 2 2 2 2 2]
 [1 1 1 1 1 1 2 2 2 2]
 [1 2 1 2 1 2 2 2 2 2]
 [2 2 2 2 1 1 2 2 2 2]
 [2 2 2 2 1 2 2 2 2 2]]
2 3 4 6
HI 1 [[2 2 0 0 0 0 2 2 2 2]
 [2 2 0 2 0 2 2 2 2 2]
 [1 1 2 2 0 0 0 0 2 2]
 [1 2 2 2 0 2 0 2 2 2]
 [1 1 2 2 2 2 2 2 2 2]
 [1 2 2 2 2 2 2 2 2 2]
 [1 1 1 1 1 1 2 2 2 2]
 [1 2 1 2 1 2 2 2 2 2]
 [2 2 2 2 1 1 2 2 2 2]
 [2 2 2 2 1 2 2 2 2 2]]
HI 2 [[2 2 0 0 0 0 2 2 2 2]
 [2 2 0 2 0 2 2 2 2 2]
 [1 1 2 2 0 0 0 0 2 2]
 [1 2 2 2 0 2 0 2 2 2]
 [1 1 2 2 2 2 2 2 2 2]
 [1 2 2 2 2 2 2 2 2 2]
 [1 1 1 1 1 1 2 2 2 2]
 [1 2 1 2 1 2 2 2 2 2]
 [2 2 2 2 1 1 2 2 2 2]
 [2 2 2 2 1 2 2 2 2 2]]
3 3 6 8
HI 1 [[2 2 0 0 0 0 2 2 2 2]
 [2 2 0 2 0 2 2 2 2 2]
 [1 1 2 2 0 0 0 0 2 2]
 [1 2 2 2 0 2 0 2 2 2]
 [1 1 2 2 2 2 2 2 2 2]
 [1 2 2 2 2 2 2 2 2 2]
 [1 1 1 1 1 1 2 2 2 2]
 [1 2 1 2 1 2 2 2 2 2]
 [2 2 2 2 1 1 2 2 2 2]
 [2 2 2 2 1 2 2 2 2 2]]
HI 2 [[2 2 0 0 0 0 2 2 2 2]
 [2 2 0 2 0 2 2 2 2 2]
 [1 1 2 2 0 0 0 0 2 2]
 [1 2 2 2 0 2 0 2 2 2]
 [1 1 2 2 2 2 2 2 2 2]
 [1 2 2 2 2 2 2 2 2 2]
 [1 1 1 1 1 1 2 2 2 2]
 [1 2 1 2 1 2 2 2 2 2]
 [2 2 2 2 1 1 2 2 2 2]
 [2 2 2 2 1 2 2 2 2 2]]
4 3 8 10
HI 1 [[2 2 0 0 0 0 2 2 2 2]
 [2 2 0 2 0 2 2 2 2 2]
 [1 1 2 2 0 0 0 0 2 2]
 [1 2 2 2 0 2 0 2 2 2]
 [1 1 2 2 2 2 2 2 2 2]
 [1 2 2 2 2 2 2 2 2 2]
 [1 1 1 1 1 1 2 2 2 2]
 [1 2 1 2 1 2 2 2 2 2]
 [2 2 2 2 1 1 1 2 2 2]
 [2 2 2 2 1 2 1 2 2 2]]
HI 2 [[2 2 0 0 0 0 2 2 2 2]
 [2 2 0 2 0 2 2 2 2 2]
 [1 1 2 2 0 0 0 0 2 2]
 [1 2 2 2 0 2 0 2 2 2]
 [1 1 2 2 2 2 2 2 2 2]
 [1 2 2 2 2 2 2 2 2 2]
 [1 1 1 1 1 1 2 2 2 2]
 [1 2 1 2 1 2 2 2 2 2]
 [2 2 2 2 1 1 1 1 2 2]
 [2 2 2 2 1 2 1 2 2 2]]
0 4 0 2
HI 1 [[2 2 0 0 0 0 2 2 2 2]
 [2 2 0 2 0 2 2 2 2 2]
 [1 1 2 2 0 0 0 0 2 2]
 [1 2 2 2 0 2 0 2 2 2]
 [1 1 2 2 2 2 2 2 2 2]
 [1 2 2 2 2 2 2 2 2 2]
 [1 1 1 1 1 1 2 2 2 2]
 [1 2 1 2 1 2 2 2 2 2]
 [2 2 2 2 1 1 1 1 2 2]
 [2 2 2 2 1 2 1 2 2 2]]
HI 2 [[2 2 0 0 0 0 2 2 2 2]
 [2 2 0 2 0 2 2 2 2 2]
 [1 1 2 2 0 0 0 0 2 2]
 [1 2 2 2 0 2 0 2 2 2]
 [1 1 2 2 2 2 2 2 2 2]
 [1 2 2 2 2 2 2 2 2 2]
 [1 1 1 1 1 1 2 2 2 2]
 [1 2 1 2 1 2 2 2 2 2]
 [2 2 2 2 1 1 1 1 2 2]
 [2 2 2 2 1 2 1 2 2 2]]
1 4 2 4
HI 1 [[2 2 0 0 0 0 2 2 2 2]
 [2 2 0 2 0 2 2 2 2 2]
 [1 1 2 2 0 0 0 0 0 2]
 [1 2 2 2 0 2 0 2 0 2]
 [1 1 2 2 2 2 2 2 2 2]
 [1 2 2 2 2 2 2 2 2 2]
 [1 1 1 1 1 1 2 2 2 2]
 [1 2 1 2 1 2 2 2 2 2]
 [2 2 2 2 1 1 1 1 2 2]
 [2 2 2 2 1 2 1 2 2 2]]
HI 2 [[2 2 0 0 0 0 2 2 2 2]
 [2 2 0 2 0 2 2 2 2 2]
 [1 1 2 2 0 0 0 0 0 0]
 [1 2 2 2 0 2 0 2 0 2]
 [1 1 2 2 2 2 2 2 2 2]
 [1 2 2 2 2 2 2 2 2 2]
 [1 1 1 1 1 1 2 2 2 2]
 [1 2 1 2 1 2 2 2 2 2]
 [2 2 2 2 1 1 1 1 2 2]
 [2 2 2 2 1 2 1 2 2 2]]
2 4 4 6
HI 1 [[2 2 0 0 0 0 2 2 2 2]
 [2 2 0 2 0 2 2 2 2 2]
 [1 1 2 2 0 0 0 0 0 0]
 [1 2 2 2 0 2 0 2 0 2]
 [1 1 2 2 2 2 2 2 0 2]
 [1 2 2 2 2 2 2 2 0 2]
 [1 1 1 1 1 1 2 2 2 2]
 [1 2 1 2 1 2 2 2 2 2]
 [2 2 2 2 1 1 1 1 2 2]
 [2 2 2 2 1 2 1 2 2 2]]
HI 2 [[2 2 0 0 0 0 2 2 2 2]
 [2 2 0 2 0 2 2 2 2 2]
 [1 1 2 2 0 0 0 0 0 0]
 [1 2 2 2 0 2 0 2 0 2]
 [1 1 2 2 2 2 2 2 0 0]
 [1 2 2 2 2 2 2 2 0 2]
 [1 1 1 1 1 1 2 2 2 2]
 [1 2 1 2 1 2 2 2 2 2]
 [2 2 2 2 1 1 1 1 2 2]
 [2 2 2 2 1 2 1 2 2 2]]
3 4 6 8
HI 1 [[2 2 0 0 0 0 2 2 2 2]
 [2 2 0 2 0 2 2 2 2 2]
 [1 1 2 2 0 0 0 0 0 0]
 [1 2 2 2 0 2 0 2 0 2]
 [1 1 2 2 2 2 2 2 0 0]
 [1 2 2 2 2 2 2 2 0 2]
 [1 1 1 1 1 1 2 2 0 2]
 [1 2 1 2 1 2 2 2 0 2]
 [2 2 2 2 1 1 1 1 2 2]
 [2 2 2 2 1 2 1 2 2 2]]
HI 2 [[2 2 0 0 0 0 2 2 2 2]
 [2 2 0 2 0 2 2 2 2 2]
 [1 1 2 2 0 0 0 0 0 0]
 [1 2 2 2 0 2 0 2 0 2]
 [1 1 2 2 2 2 2 2 0 0]
 [1 2 2 2 2 2 2 2 0 2]
 [1 1 1 1 1 1 2 2 0 0]
 [1 2 1 2 1 2 2 2 0 2]
 [2 2 2 2 1 1 1 1 2 2]
 [2 2 2 2 1 2 1 2 2 2]]
4 4 8 10
HI 1 [[2 2 0 0 0 0 2 2 2 2]
 [2 2 0 2 0 2 2 2 2 2]
 [1 1 2 2 0 0 0 0 0 0]
 [1 2 2 2 0 2 0 2 0 2]
 [1 1 2 2 2 2 2 2 0 0]
 [1 2 2 2 2 2 2 2 0 2]
 [1 1 1 1 1 1 2 2 0 0]
 [1 2 1 2 1 2 2 2 0 2]
 [2 2 2 2 1 1 1 1 2 2]
 [2 2 2 2 1 2 1 2 2 2]]
HI 2 [[2 2 0 0 0 0 2 2 2 2]
 [2 2 0 2 0 2 2 2 2 2]
 [1 1 2 2 0 0 0 0 0 0]
 [1 2 2 2 0 2 0 2 0 2]
 [1 1 2 2 2 2 2 2 0 0]
 [1 2 2 2 2 2 2 2 0 2]
 [1 1 1 1 1 1 2 2 0 0]
 [1 2 1 2 1 2 2 2 0 2]
 [2 2 2 2 1 1 1 1 2 2]
 [2 2 2 2 1 2 1 2 2 2]]
