4
0.275
64
64
5
6497
-1
1.84528
47544
6
12
56
16
6
12
56
16
1
0
8
55
8
0
15
55
15
56
1
1
0
0
55
0
0
7
55
7
56
1
1
56
16
1
0
8
55
8
0
15
55
15
56
1
1
0
0
55
0
0
7
55
7
56
1
1

44927
-1
1.24498
91206
12
6
36
30
12
6
36
30
2
0
0
35
0
0
9
35
9
36
1
0
20
35
20
0
29
35
29
36
1
1
0
10
35
10
0
19
35
19
36
1
3
36
30
2
0
0
35
0
0
9
35
9
36
1
0
20
35
20
0
29
35
29
36
1
1
0
10
35
10
0
19
35
19
36
1
3

814
-1
1.17553
7627
36
42
10
19
36
42
10
19
1
5
0
9
0
5
18
9
18
5
1
1
0
0
4
0
0
18
4
18
5
1
0
10
19
1
5
0
9
0
5
18
9
18
5
1
1
0
0
4
0
0
18
4
18
5
1
0

354
-1
1.10213
30052
33
24
10
10
33
24
10
10
1
0
5
9
5
0
9
9
9
10
1
1
0
0
9
0
0
4
9
4
10
1
1
10
10
1
0
5
9
5
0
9
9
9
10
1
1
0
0
9
0
0
4
9
4
10
1
1

394
-1
0.984897
24559
51
15
6
12
51
15
6
12
1
0
6
5
6
0
11
5
11
6
1
1
0
0
5
0
0
5
5
5
6
1
1
6
12
1
0
6
5
6
0
11
5
11
6
1
1
0
0
5
0
0
5
5
5
6
1
1

0.275
64
64
6
4631
-1
1.70138
44706
12
0
36
16
12
0
36
16
1
0
8
35
8
0
15
35
15
36
1
1
0
0
35
0
0
7
35
7
36
1
1
36
16
1
0
8
35
8
0
15
35
15
36
1
1
0
0
35
0
0
7
35
7
36
1
1

500
-1
1.21602
3976
27
9
8
12
27
9
8
12
1
4
0
7
0
4
11
7
11
4
1
1
0
0
3
0
0
11
3
11
4
1
0
8
12
1
4
0
7
0
4
11
7
11
4
1
1
0
0
3
0
0
11
3
11
4
1
0

1226
-1
1.08828
27347
12
15
8
12
12
15
8
12
1
0
6
7
6
0
11
7
11
8
1
1
0
0
7
0
0
5
7
5
8
1
1
8
12
1
0
6
7
6
0
11
7
11
8
1
1
0
0
7
0
0
5
7
5
8
1
1

1123
-1
1.03575
42166
18
48
29
6
18
48
29
6
1
0
3
28
3
0
5
28
5
29
1
1
0
0
28
0
0
2
28
2
29
1
1
29
6
1
0
3
28
3
0
5
28
5
29
1
1
0
0
28
0
0
2
28
2
29
1
1

42887
-1
1.07492
89690
27
0
29
30
27
0
29
30
2
0
0
28
0
0
9
28
9
29
1
0
20
28
20
0
29
28
29
29
1
1
0
10
28
10
0
19
28
19
29
1
3
29
30
2
0
0
28
0
0
9
28
9
29
1
0
20
28
20
0
29
28
29
29
1
1
0
10
28
10
0
19
28
19
29
1
3

8814
1
1.06372
41920
12
6
23
46
12
6
23
46
1
0
23
22
23
0
45
22
45
23
1
1
0
0
22
0
0
22
22
22
23
1
1
23
46
1
0
23
22
23
0
45
22
45
23
1
1
0
0
22
0
0
22
22
22
23
1
1

0.275
64
64
11
6742
-1
1.75435
46762
6
12
56
16
6
12
56
16
1
0
8
55
8
0
15
55
15
56
1
1
0
0
55
0
0
7
55
7
56
1
1
56
16
1
0
8
55
8
0
15
55
15
56
1
1
0
0
55
0
0
7
55
7
56
1
1

3272
-1
1.18181
44530
12
0
36
12
12
0
36
12
1
0
6
35
6
0
11
35
11
36
1
1
0
0
35
0
0
5
35
5
36
1
1
36
12
1
0
6
35
6
0
11
35
11
36
1
1
0
0
35
0
0
5
35
5
36
1
1

459
-1
1.09537
35008
30
48
15
6
30
48
15
6
1
0
3
14
3
0
5
14
5
15
1
1
0
0
14
0
0
2
14
2
15
1
1
15
6
1
0
3
14
3
0
5
14
5
15
1
1
0
0
14
0
0
2
14
2
15
1
1

17769
1
1.15782
46427
0
3
45
46
0
3
45
46
1
0
23
44
23
0
45
44
45
45
1
1
0
0
44
0
0
22
44
22
45
1
1
45
46
1
0
23
44
23
0
45
44
45
45
1
1
0
0
44
0
0
22
44
22
45
1
1

392
-1
1.08341
26252
12
12
8
6
12
12
8
6
1
0
3
7
3
0
5
7
5
8
1
1
0
0
7
0
0
2
7
2
8
1
1
8
6
1
0
3
7
3
0
5
7
5
8
1
1
0
0
7
0
0
2
7
2
8
1
1

1613
-1
1.02744
10139
30
6
12
15
30
6
12
15
1
6
0
11
0
6
14
11
14
6
1
1
0
0
5
0
0
14
5
14
6
1
0
12
15
1
6
0
11
0
6
14
11
14
6
1
1
0
0
5
0
0
14
5
14
6
1
0

35242
-1
0.916824
87778
18
0
23
30
18
0
23
30
2
0
0
22
0
0
9
22
9
23
1
0
20
22
20
0
29
22
29
23
1
1
0
10
22
10
0
19
22
19
23
1
3
23
30
2
0
0
22
0
0
9
22
9
23
1
0
20
22
20
0
29
22
29
23
1
1
0
10
22
10
0
19
22
19
23
1
3

26886
1
0.973204
69700
3
3
57
12
3
3
57
12
2
0
0
18
0
0
11
18
11
19
1
38
0
56
0
38
11
56
11
19
1
1
19
0
37
0
19
11
37
11
19
1
2
57
12
2
0
0
18
0
0
11
18
11
19
1
38
0
56
0
38
11
56
11
19
1
1
19
0
37
0
19
11
37
11
19
1
2

1445
-1
0.905489
94377
6
45
19
19
6
45
19
19
2
9
0
18
0
9
8
18
8
10
1
0
9
8
9
0
18
8
18
9
1
2
0
0
8
0
0
8
8
8
9
1
9
9
18
9
9
18
18
18
10
1
4
19
19
2
9
0
18
0
9
8
18
8
10
1
0
9
8
9
0
18
8
18
9
1
2
0
0
8
0
0
8
8
8
9
1
9
9
18
9
9
18
18
18
10
1
4

2785
1
0.953111
29057
18
6
8
56
18
6
8
56
1
0
28
7
28
0
55
7
55
8
1
1
0
0
7
0
0
27
7
27
8
1
1
8
56
1
0
28
7
28
0
55
7
55
8
1
1
0
0
7
0
0
27
7
27
8
1
1

2198
-1
0.895213
7990
54
39
10
23
54
39
10
23
1
5
0
9
0
5
22
9
22
5
1
1
0
0
4
0
0
22
4
22
5
1
0
10
23
1
5
0
9
0
5
22
9
22
5
1
1
0
0
4
0
0
22
4
22
5
1
0

0.325
64
64
5
6550
-1
1.75719
46762
6
12
56
16
6
12
56
16
1
0
8
55
8
0
15
55
15
56
1
1
0
0
55
0
0
7
55
7
56
1
1
56
16
1
0
8
55
8
0
15
55
15
56
1
1
0
0
55
0
0
7
55
7
56
1
1

852
-1
1.19191
7236
24
6
10
15
24
6
10
15
1
5
0
9
0
5
14
9
14
5
1
1
0
0
4
0
0
14
4
14
5
1
0
10
15
1
5
0
9
0
5
14
9
14
5
1
1
0
0
4
0
0
14
4
14
5
1
0

42513
-1
1.26964
89678
24
0
29
30
24
0
29
30
2
0
0
28
0
0
9
28
9
29
1
0
20
28
20
0
29
28
29
29
1
1
0
10
28
10
0
19
28
19
29
1
3
29
30
2
0
0
28
0
0
9
28
9
29
1
0
20
28
20
0
29
28
29
29
1
1
0
10
28
10
0
19
28
19
29
1
3

693
-1
1.13038
29156
9
6
10
6
9
6
10
6
1
0
3
9
3
0
5
9
5
10
1
1
0
0
9
0
0
2
9
2
10
1
1
10
6
1
0
3
9
3
0
5
9
5
10
1
1
0
0
9
0
0
2
9
2
10
1
1

10439
1
0.974349
68486
9
12
45
6
9
12
45
6
2
0
0
14
0
0
5
14
5
15
1
30
0
44
0
30
5
44
5
15
1
1
15
0
29
0
15
5
29
5
15
1
2
45
6
2
0
0
14
0
0
5
14
5
15
1
30
0
44
0
30
5
44
5
15
1
1
15
0
29
0
15
5
29
5
15
1
2

