10
0.425
64
64
26
781
-1
1.76766
7294
24
9
10
12
24
9
10
12
1
5
0
9
0
5
11
9
11
5
1
1
0
0
4
0
0
11
4
11
5
1
0
10
12
1
5
0
9
0
5
11
9
11
5
1
1
0
0
4
0
0
11
4
11
5
1
0

6048
-1
1.40377
45471
6
39
45
6
6
39
45
6
1
0
3
44
3
0
5
44
5
45
1
1
0
0
44
0
0
2
44
2
45
1
1
45
6
1
0
3
44
3
0
5
44
5
45
1
1
0
0
44
0
0
2
44
2
45
1
1

413
-1
1.30394
33087
3
15
12
12
3
15
12
12
1
0
6
11
6
0
11
11
11
12
1
1
0
0
11
0
0
5
11
5
12
1
1
12
12
1
0
6
11
6
0
11
11
11
12
1
1
0
0
11
0
0
5
11
5
12
1
1

571
-1
1.25334
36082
48
48
15
12
48
48
15
12
1
0
6
14
6
0
11
14
11
15
1
1
0
0
14
0
0
5
14
5
15
1
1
15
12
1
0
6
14
6
0
11
14
11
15
1
1
0
0
14
0
0
5
14
5
15
1
1

3124
-1
1.27026
8806
30
21
12
6
30
21
12
6
1
6
0
11
0
6
5
11
5
6
1
1
0
0
5
0
0
5
5
5
6
1
0
12
6
1
6
0
11
0
6
5
11
5
6
1
1
0
0
5
0
0
5
5
5
6
1
0

6251
-1
1.25773
73386
6
24
8
12
6
24
8
12
2
0
0
7
0
0
3
7
3
8
1
0
8
7
8
0
11
7
11
8
1
1
0
4
7
4
0
7
7
7
8
1
3
8
12
2
0
0
7
0
0
3
7
3
8
1
0
8
7
8
0
11
7
11
8
1
1
0
4
7
4
0
7
7
7
8
1
3

8148
1
1.3889
68343
9
0
36
45
9
0
36
45
2
0
0
11
0
0
44
11
44
12
1
24
0
35
0
24
44
35
44
12
1
1
12
0
23
0
12
44
23
44
12
1
2
36
45
2
0
0
11
0
0
44
11
44
12
1
24
0
35
0
24
44
35
44
12
1
1
12
0
23
0
12
44
23
44
12
1
2

4366
1
1.24408
40409
39
24
23
8
39
24
23
8
1
0
4
22
4
0
7
22
7
23
1
1
0
0
22
0
0
3
22
3
23
1
1
23
8
1
0
4
22
4
0
7
22
7
23
1
1
0
0
22
0
0
3
22
3
23
1
1

656
-1
1.41496
5573
45
12
8
45
45
12
8
45
1
4
0
7
0
4
44
7
44
4
1
1
0
0
3
0
0
44
3
44
4
1
0
8
45
1
4
0
7
0
4
44
7
44
4
1
1
0
0
3
0
0
44
3
44
4
1
0

182
-1
1.15794
27052
21
30
8
10
21
30
8
10
1
0
5
7
5
0
9
7
9
8
1
1
0
0
7
0
0
4
7
4
8
1
1
8
10
1
0
5
7
5
0
9
7
9
8
1
1
0
0
7
0
0
4
7
4
8
1
1

445
-1
1.18771
27145
36
24
8
10
36
24
8
10
1
0
5
7
5
0
9
7
9
8
1
1
0
0
7
0
0
4
7
4
8
1
1
8
10
1
0
5
7
5
0
9
7
9
8
1
1
0
0
7
0
0
4
7
4
8
1
1

12370
-1
1.15701
69666
6
12
57
10
6
12
57
10
2
0
0
18
0
0
9
18
9
19
1
38
0
56
0
38
9
56
9
19
1
1
19
0
37
0
19
9
37
9
19
1
2
57
10
2
0
0
18
0
0
9
18
9
19
1
38
0
56
0
38
9
56
9
19
1
1
19
0
37
0
19
9
37
9
19
1
2

158
-1
1.15088
184
27
12
6
8
27
12
6
8
1
3
0
5
0
3
7
5
7
3
1
1
0
0
2
0
0
7
2
7
3
1
0
6
8
1
3
0
5
0
3
7
5
7
3
1
1
0
0
2
0
0
7
2
7
3
1
0

614
-1
1.17459
33105
6
15
12
12
6
15
12
12
1
0
6
11
6
0
11
11
11
12
1
1
0
0
11
0
0
5
11
5
12
1
1
12
12
1
0
6
11
6
0
11
11
11
12
1
1
0
0
11
0
0
5
11
5
12
1
1

13632
1
1.21901
47269
45
51
6
8
45
51
6
8
2
0
0
1
0
0
7
1
7
2
1
4
0
5
0
4
7
5
7
2
1
1
2
0
3
0
2
7
3
7
2
1
2
6
8
2
0
0
1
0
0
7
1
7
2
1
4
0
5
0
4
7
5
7
2
1
1
2
0
3
0
2
7
3
7
2
1
2

3250
-1
1.34239
37609
27
57
19
6
27
57
19
6
1
0
3
18
3
0
5
18
5
19
1
1
0
0
18
0
0
2
18
2
19
1
1
19
6
1
0
3
18
3
0
5
18
5
19
1
1
0
0
18
0
0
2
18
2
19
1
1

6648
1
1.17923
47668
48
51
6
10
48
51
6
10
2
0
0
1
0
0
9
1
9
2
1
4
0
5
0
4
9
5
9
2
1
1
2
0
3
0
2
9
3
9
2
1
2
6
10
2
0
0
1
0
0
9
1
9
2
1
4
0
5
0
4
9
5
9
2
1
1
2
0
3
0
2
9
3
9
2
1
2

1022
-1
1.18765
44917
21
12
36
20
21
12
36
20
1
0
10
35
10
0
19
35
19
36
1
1
0
0
35
0
0
9
35
9
36
1
1
36
20
1
0
10
35
10
0
19
35
19
36
1
1
0
0
35
0
0
9
35
9
36
1
1

99
-1
1.14589
94784
0
6
29
29
0
6
29
29
2
14
0
28
0
14
13
28
13
15
1
0
14
13
14
0
28
13
28
14
1
2
0
0
13
0
0
13
13
13
14
1
14
14
28
14
14
28
28
28
15
1
4
29
29
2
14
0
28
0
14
13
28
13
15
1
0
14
13
14
0
28
13
28
14
1
2
0
0
13
0
0
13
13
13
14
1
14
14
28
14
14
28
28
28
15
1
4

165
1
1.18362
24266
3
0
6
12
3
0
6
12
1
0
6
5
6
0
11
5
11
6
1
1
0
0
5
0
0
5
5
5
6
1
1
6
12
1
0
6
5
6
0
11
5
11
6
1
1
0
0
5
0
0
5
5
5
6
1
1

1291
-1
1.01221
10780
45
27
12
23
45
27
12
23
1
6
0
11
0
6
22
11
22
6
1
1
0
0
5
0
0
22
5
22
6
1
0
12
23
1
6
0
11
0
6
22
11
22
6
1
1
0
0
5
0
0
22
5
22
6
1
0

199
-1
1.07625
29922
12
33
10
10
12
33
10
10
1
0
5
9
5
0
9
9
9
10
1
1
0
0
9
0
0
4
9
4
10
1
1
10
10
1
0
5
9
5
0
9
9
9
10
1
1
0
0
9
0
0
4
9
4
10
1
1

4063
1
1.21068
38178
21
33
19
10
21
33
19
10
1
0
5
18
5
0
9
18
9
19
1
1
0
0
18
0
0
4
18
4
19
1
1
19
10
1
0
5
18
5
0
9
18
9
19
1
1
0
0
18
0
0
4
18
4
19
1
1

471
-1
1.07812
30053
33
27
10
10
33
27
10
10
1
0
5
9
5
0
9
9
9
10
1
1
0
0
9
0
0
4
9
4
10
1
1
10
10
1
0
5
9
5
0
9
9
9
10
1
1
0
0
9
0
0
4
9
4
10
1
1

486
-1
1.14396
5045
54
39
8
23
54
39
8
23
1
4
0
7
0
4
22
7
22
4
1
1
0
0
3
0
0
22
3
22
4
1
0
8
23
1
4
0
7
0
4
22
7
22
4
1
1
0
0
3
0
0
22
3
22
4
1
0

1500
-1
1.16151
71473
18
6
6
21
18
6
6
21
2
0
0
5
0
0
6
5
6
6
1
0
14
5
14
0
20
5
20
6
1
1
0
7
5
7
0
13
5
13
6
1
3
6
21
2
0
0
5
0
0
6
5
6
6
1
0
14
5
14
0
20
5
20
6
1
1
0
7
5
7
0
13
5
13
6
1
3

0.275
64
64
6
1906
-1
1.65513
36326
42
12
15
16
42
12
15
16
1
0
8
14
8
0
15
14
15
15
1
1
0
0
14
0
0
7
14
7
15
1
1
15
16
1
0
8
14
8
0
15
14
15
15
1
1
0
0
14
0
0
7
14
7
15
1
1

710
-1
1.40235
6550
24
9
10
10
24
9
10
10
1
5
0
9
0
5
9
9
9
5
1
1
0
0
4
0
0
9
4
9
5
1
0
10
10
1
5
0
9
0
5
9
9
9
5
1
1
0
0
4
0
0
9
4
9
5
1
0

750
-1
1.43058
29949
18
0
10
10
18
0
10
10
1
0
5
9
5
0
9
9
9
10
1
1
0
0
9
0
0
4
9
4
10
1
1
10
10
1
0
5
9
5
0
9
9
9
10
1
1
0
0
9
0
0
4
9
4
10
1
1

22863
-1
1.29379
83128
12
0
15
30
12
0
15
30
2
0
0
14
0
0
9
14
9
15
1
0
20
14
20
0
29
14
29
15
1
1
0
10
14
10
0
19
14
19
15
1
3
15
30
2
0
0
14
0
0
9
14
9
15
1
0
20
14
20
0
29
14
29
15
1
1
0
10
14
10
0
19
14
19
15
1
3

13837
1
1.45174
68622
9
9
45
8
9
9
45
8
2
0
0
14
0
0
7
14
7
15
1
30
0
44
0
30
7
44
7
15
1
1
15
0
29
0
15
7
29
7
15
1
2
45
8
2
0
0
14
0
0
7
14
7
15
1
30
0
44
0
30
7
44
7
15
1
1
15
0
29
0
15
7
29
7
15
1
2

2915
-1
1.2382
8415
0
18
10
45
0
18
10
45
1
5
0
9
0
5
44
9
44
5
1
1
0
0
4
0
0
44
4
44
5
1
0
10
45
1
5
0
9
0
5
44
9
44
5
1
1
0
0
4
0
0
44
4
44
5
1
0

0.325
64
64
14
5264
-1
1.82223
46745
3
12
56
16
3
12
56
16
1
0
8
55
8
0
15
55
15
56
1
1
0
0
55
0
0
7
55
7
56
1
1
56
16
1
0
8
55
8
0
15
55
15
56
1
1
0
0
55
0
0
7
55
7
56
1
1

1550
-1
1.52001
12557
30
6
16
12
30
6
16
12
1
8
0
15
0
8
11
15
11
8
1
1
0
0
7
0
0
11
7
11
8
1
0
16
12
1
8
0
15
0
8
11
15
11
8
1
1
0
0
7
0
0
11
7
11
8
1
0

595
-1
1.28864
32476
15
3
12
8
15
3
12
8
1
0
4
11
4
0
7
11
7
12
1
1
0
0
11
0
0
3
11
3
12
1
1
12
8
1
0
4
11
4
0
7
11
7
12
1
1
0
0
11
0
0
3
11
3
12
1
1

7809
1
1.22225
39863
36
3
19
56
36
3
19
56
1
0
28
18
28
0
55
18
55
19
1
1
0
0
18
0
0
27
18
27
19
1
1
19
56
1
0
28
18
28
0
55
18
55
19
1
1
0
0
18
0
0
27
18
27
19
1
1

849
-1
1.31701
26835
45
6
8
8
45
6
8
8
1
0
4
7
4
0
7
7
7
8
1
1
0
0
7
0
0
3
7
3
8
1
1
8
8
1
0
4
7
4
0
7
7
7
8
1
1
0
0
7
0
0
3
7
3
8
1
1

768
-1
1.20962
30368
27
30
10
12
27
30
10
12
1
0
6
9
6
0
11
9
11
10
1
1
0
0
9
0
0
5
9
5
10
1
1
10
12
1
0
6
9
6
0
11
9
11
10
1
1
0
0
9
0
0
5
9
5
10
1
1

5474
-1
1.27529
71794
24
3
6
24
24
3
6
24
2
0
0
5
0
0
7
5
7
6
1
0
16
5
16
0
23
5
23
6
1
1
0
8
5
8
0
15
5
15
6
1
3
6
24
2
0
0
5
0
0
7
5
7
6
1
0
16
5
16
0
23
5
23
6
1
1
0
8
5
8
0
15
5
15
6
1
3

10418
1
1.26686
69551
6
12
57
6
6
12
57
6
2
0
0
18
0
0
5
18
5
19
1
38
0
56
0
38
5
56
5
19
1
1
19
0
37
0
19
5
37
5
19
1
2
57
6
2
0
0
18
0
0
5
18
5
19
1
38
0
56
0
38
5
56
5
19
1
1
19
0
37
0
19
5
37
5
19
1
2

495
-1
1.10519
32235
30
45
12
6
30
45
12
6
1
0
3
11
3
0
5
11
5
12
1
1
0
0
11
0
0
2
11
2
12
1
1
12
6
1
0
3
11
3
0
5
11
5
12
1
1
0
0
11
0
0
2
11
2
12
1
1

5977
1
1.1772
46726
0
6
56
16
0
6
56
16
1
0
8
55
8
0
15
55
15
56
1
1
0
0
55
0
0
7
55
7
56
1
1
56
16
1
0
8
55
8
0
15
55
15
56
1
1
0
0
55
0
0
7
55
7
56
1
1

3393
-1
1.29019
45900
12
12
45
12
12
12
45
12
1
0
6
44
6
0
11
44
11
45
1
1
0
0
44
0
0
5
44
5
45
1
1
45
12
1
0
6
44
6
0
11
44
11
45
1
1
0
0
44
0
0
5
44
5
45
1
1

620
-1
1.18872
32282
39
6
12
6
39
6
12
6
1
0
3
11
3
0
5
11
5
12
1
1
0
0
11
0
0
2
11
2
12
1
1
12
6
1
0
3
11
3
0
5
11
5
12
1
1
0
0
11
0
0
2
11
2
12
1
1

420
-1
1.34963
4291
24
6
8
15
24
6
8
15
1
4
0
7
0
4
14
7
14
4
1
1
0
0
3
0
0
14
3
14
4
1
0
8
15
1
4
0
7
0
4
14
7
14
4
1
1
0
0
3
0
0
14
3
14
4
1
0

4142
1
1.20235
46245
15
3
45
24
15
3
45
24
1
0
12
44
12
0
23
44
23
45
1
1
0
0
44
0
0
11
44
11
45
1
1
45
24
1
0
12
44
12
0
23
44
23
45
1
1
0
0
44
0
0
11
44
11
45
1
1

0.3
64
64
6
1337
-1
1.57679
30610
12
12
10
16
12
12
10
16
1
0
8
9
8
0
15
9
15
10
1
1
0
0
9
0
0
7
9
7
10
1
1
10
16
1
0
8
9
8
0
15
9
15
10
1
1
0
0
9
0
0
7
9
7
10
1
1

4351
-1
1.46214
44530
12
0
36
12
12
0
36
12
1
0
6
35
6
0
11
35
11
36
1
1
0
0
35
0
0
5
35
5
36
1
1
36
12
1
0
6
35
6
0
11
35
11
36
1
1
0
0
35
0
0
5
35
5
36
1
1

8707
1
1.12888
41926
15
3
23
46
15
3
23
46
1
0
23
22
23
0
45
22
45
23
1
1
0
0
22
0
0
22
22
22
23
1
1
23
46
1
0
23
22
23
0
45
22
45
23
1
1
0
0
22
0
0
22
22
22
23
1
1

3069
-1
1.24982
36309
39
12
15
16
39
12
15
16
1
0
8
14
8
0
15
14
15
15
1
1
0
0
14
0
0
7
14
7
15
1
1
15
16
1
0
8
14
8
0
15
14
15
15
1
1
0
0
14
0
0
7
14
7
15
1
1

1325
-1
1.24185
94377
6
45
19
19
6
45
19
19
2
9
0
18
0
9
8
18
8
10
1
0
9
8
9
0
18
8
18
9
1
2
0
0
8
0
0
8
8
8
9
1
9
9
18
9
9
18
18
18
10
1
4
19
19
2
9
0
18
0
9
8
18
8
10
1
0
9
8
9
0
18
8
18
9
1
2
0
0
8
0
0
8
8
8
9
1
9
9
18
9
9
18
18
18
10
1
4

9699
-1
1.22873
65431
27
24
30
8
27
24
30
8
2
0
0
9
0
0
7
9
7
10
1
20
0
29
0
20
7
29
7
10
1
1
10
0
19
0
10
7
19
7
10
1
2
30
8
2
0
0
9
0
0
7
9
7
10
1
20
0
29
0
20
7
29
7
10
1
1
10
0
19
0
10
7
19
7
10
1
2

0.3
64
64
12
5947
-1
1.68324
46001
9
0
45
16
9
0
45
16
1
0
8
44
8
0
15
44
15
45
1
1
0
0
44
0
0
7
44
7
45
1
1
45
16
1
0
8
44
8
0
15
44
15
45
1
1
0
0
44
0
0
7
44
7
45
1
1

1016
-1
1.43055
10088
21
6
12
15
21
6
12
15
1
6
0
11
0
6
14
11
14
6
1
1
0
0
5
0
0
14
5
14
6
1
0
12
15
1
6
0
11
0
6
14
11
14
6
1
1
0
0
5
0
0
14
5
14
6
1
0

2318
-1
1.2207
40671
39
12
23
10
39
12
23
10
1
0
5
22
5
0
9
22
9
23
1
1
0
0
22
0
0
4
22
4
23
1
1
23
10
1
0
5
22
5
0
9
22
9
23
1
1
0
0
22
0
0
4
22
4
23
1
1

9310
-1
1.28741
61300
30
24
21
10
30
24
21
10
2
0
0
6
0
0
9
6
9
7
1
14
0
20
0
14
9
20
9
7
1
1
7
0
13
0
7
9
13
9
7
1
2
21
10
2
0
0
6
0
0
9
6
9
7
1
14
0
20
0
14
9
20
9
7
1
1
7
0
13
0
7
9
13
9
7
1
2

6864
1
1.51537
66976
15
12
36
6
15
12
36
6
2
0
0
11
0
0
5
11
5
12
1
24
0
35
0
24
5
35
5
12
1
1
12
0
23
0
12
5
23
5
12
1
2
36
6
2
0
0
11
0
0
5
11
5
12
1
24
0
35
0
24
5
35
5
12
1
1
12
0
23
0
12
5
23
5
12
1
2

693
-1
1.17478
7091
54
33
10
12
54
33
10
12
1
5
0
9
0
5
11
9
11
5
1
1
0
0
4
0
0
11
4
11
5
1
0
10
12
1
5
0
9
0
5
11
9
11
5
1
1
0
0
4
0
0
11
4
11
5
1
0

2337
-1
1.19607
15179
0
45
20
15
0
45
20
15
1
10
0
19
0
10
14
19
14
10
1
1
0
0
9
0
0
14
9
14
10
1
0
20
15
1
10
0
19
0
10
14
19
14
10
1
1
0
0
9
0
0
14
9
14
10
1
0

220
-1
1.20108
26252
12
12
8
6
12
12
8
6
1
0
3
7
3
0
5
7
5
8
1
1
0
0
7
0
0
2
7
2
8
1
1
8
6
1
0
3
7
3
0
5
7
5
8
1
1
0
0
7
0
0
2
7
2
8
1
1

9032
-1
1.22501
72250
12
27
6
36
12
27
6
36
2
0
0
5
0
0
11
5
11
6
1
0
24
5
24
0
35
5
35
6
1
1
0
12
5
12
0
23
5
23
6
1
3
6
36
2
0
0
5
0
0
11
5
11
6
1
0
24
5
24
0
35
5
35
6
1
1
0
12
5
12
0
23
5
23
6
1
3

393
1
1.15676
37578
24
24
19
6
24
24
19
6
1
0
3
18
3
0
5
18
5
19
1
1
0
0
18
0
0
2
18
2
19
1
1
19
6
1
0
3
18
3
0
5
18
5
19
1
1
0
0
18
0
0
2
18
2
19
1
1

933
-1
1.25877
40136
39
6
23
6
39
6
23
6
1
0
3
22
3
0
5
22
5
23
1
1
0
0
22
0
0
2
22
2
23
1
1
23
6
1
0
3
22
3
0
5
22
5
23
1
1
0
0
22
0
0
2
22
2
23
1
1

1631
-1
1.16933
10435
30
6
12
19
30
6
12
19
1
6
0
11
0
6
18
11
18
6
1
1
0
0
5
0
0
18
5
18
6
1
0
12
19
1
6
0
11
0
6
18
11
18
6
1
1
0
0
5
0
0
18
5
18
6
1
0

0.275
64
64
6
7143
-1
1.68956
46762
6
12
56
16
6
12
56
16
1
0
8
55
8
0
15
55
15
56
1
1
0
0
55
0
0
7
55
7
56
1
1
56
16
1
0
8
55
8
0
15
55
15
56
1
1
0
0
55
0
0
7
55
7
56
1
1

811
-1
1.43642
7236
24
6
10
15
24
6
10
15
1
5
0
9
0
5
14
9
14
5
1
1
0
0
4
0
0
14
4
14
5
1
0
10
15
1
5
0
9
0
5
14
9
14
5
1
1
0
0
4
0
0
14
4
14
5
1
0

1060
-1
1.38355
9655
0
36
12
12
0
36
12
12
1
6
0
11
0
6
11
11
11
6
1
1
0
0
5
0
0
11
5
11
6
1
0
12
12
1
6
0
11
0
6
11
11
11
6
1
1
0
0
5
0
0
11
5
11
6
1
0

49286
-1
1.25419
91228
18
0
36
30
18
0
36
30
2
0
0
35
0
0
9
35
9
36
1
0
20
35
20
0
29
35
29
36
1
1
0
10
35
10
0
19
35
19
36
1
3
36
30
2
0
0
35
0
0
9
35
9
36
1
0
20
35
20
0
29
35
29
36
1
1
0
10
35
10
0
19
35
19
36
1
3

402
-1
1.19
26470
45
6
8
6
45
6
8
6
1
0
3
7
3
0
5
7
5
8
1
1
0
0
7
0
0
2
7
2
8
1
1
8
6
1
0
3
7
3
0
5
7
5
8
1
1
0
0
7
0
0
2
7
2
8
1
1

11764
1
1.2776
67360
15
9
36
10
15
9
36
10
2
0
0
11
0
0
9
11
9
12
1
24
0
35
0
24
9
35
9
12
1
1
12
0
23
0
12
9
23
9
12
1
2
36
10
2
0
0
11
0
0
9
11
9
12
1
24
0
35
0
24
9
35
9
12
1
1
12
0
23
0
12
9
23
9
12
1
2

0.4
64
64
5
6392
-1
1.67695
46745
3
12
56
16
3
12
56
16
1
0
8
55
8
0
15
55
15
56
1
1
0
0
55
0
0
7
55
7
56
1
1
56
16
1
0
8
55
8
0
15
55
15
56
1
1
0
0
55
0
0
7
55
7
56
1
1

650
-1
1.28076
6228
30
12
10
8
30
12
10
8
1
5
0
9
0
5
7
9
7
5
1
1
0
0
4
0
0
7
4
7
5
1
0
10
8
1
5
0
9
0
5
7
9
7
5
1
1
0
0
4
0
0
7
4
7
5
1
0

11755
-1
1.20101
74946
21
0
8
30
21
0
8
30
2
0
0
7
0
0
9
7
9
8
1
0
20
7
20
0
29
7
29
8
1
1
0
10
7
10
0
19
7
19
8
1
3
8
30
2
0
0
7
0
0
9
7
9
8
1
0
20
7
20
0
29
7
29
8
1
1
0
10
7
10
0
19
7
19
8
1
3

9283
1
1.35771
45252
9
12
36
36
9
12
36
36
1
0
18
35
18
0
35
35
35
36
1
1
0
0
35
0
0
17
35
17
36
1
1
36
36
1
0
18
35
18
0
35
35
35
36
1
1
0
0
35
0
0
17
35
17
36
1
1

487
-1
1.47547
29158
9
12
10
6
9
12
10
6
1
0
3
9
3
0
5
9
5
10
1
1
0
0
9
0
0
2
9
2
10
1
1
10
6
1
0
3
9
3
0
5
9
5
10
1
1
0
0
9
0
0
2
9
2
10
1
1

0.275
64
64
6
546
-1
1.7346
6550
24
9
10
10
24
9
10
10
1
5
0
9
0
5
9
9
9
5
1
1
0
0
4
0
0
9
4
9
5
1
0
10
10
1
5
0
9
0
5
9
9
9
5
1
1
0
0
4
0
0
9
4
9
5
1
0

4218
-1
1.52867
42993
9
0
29
16
9
0
29
16
1
0
8
28
8
0
15
28
15
29
1
1
0
0
28
0
0
7
28
7
29
1
1
29
16
1
0
8
28
8
0
15
28
15
29
1
1
0
0
28
0
0
7
28
7
29
1
1

357
-1
1.2106
29399
45
15
10
6
45
15
10
6
1
0
3
9
3
0
5
9
5
10
1
1
0
0
9
0
0
2
9
2
10
1
1
10
6
1
0
3
9
3
0
5
9
5
10
1
1
0
0
9
0
0
2
9
2
10
1
1

362
-1
1.22376
3303
33
15
8
8
33
15
8
8
1
4
0
7
0
4
7
7
7
4
1
1
0
0
3
0
0
7
3
7
4
1
0
8
8
1
4
0
7
0
4
7
7
7
4
1
1
0
0
3
0
0
7
3
7
4
1
0

970
-1
1.19706
35074
42
6
15
6
42
6
15
6
1
0
3
14
3
0
5
14
5
15
1
1
0
0
14
0
0
2
14
2
15
1
1
15
6
1
0
3
14
3
0
5
14
5
15
1
1
0
0
14
0
0
2
14
2
15
1
1

10843
1
1.36162
43801
18
3
29
46
18
3
29
46
1
0
23
28
23
0
45
28
45
29
1
1
0
0
28
0
0
22
28
22
29
1
1
29
46
1
0
23
28
23
0
45
28
45
29
1
1
0
0
28
0
0
22
28
22
29
1
1

0.3
64
64
4
5818
-1
1.81183
46745
3
12
56
16
3
12
56
16
1
0
8
55
8
0
15
55
15
56
1
1
0
0
55
0
0
7
55
7
56
1
1
56
16
1
0
8
55
8
0
15
55
15
56
1
1
0
0
55
0
0
7
55
7
56
1
1

1629
-1
1.34673
12852
30
3
16
15
30
3
16
15
1
8
0
15
0
8
14
15
14
8
1
1
0
0
7
0
0
14
7
14
8
1
0
16
15
1
8
0
15
0
8
14
15
14
8
1
1
0
0
7
0
0
14
7
14
8
1
0

8763
-1
1.35298
74722
27
0
8
24
27
0
8
24
2
0
0
7
0
0
7
7
7
8
1
0
16
7
16
0
23
7
23
8
1
1
0
8
7
8
0
15
7
15
8
1
3
8
24
2
0
0
7
0
0
7
7
7
8
1
0
16
7
16
0
23
7
23
8
1
1
0
8
7
8
0
15
7
15
8
1
3

648
-1
1.39656
35008
30
48
15
6
30
48
15
6
1
0
3
14
3
0
5
14
5
15
1
1
0
0
14
0
0
2
14
2
15
1
1
15
6
1
0
3
14
3
0
5
14
5
15
1
1
0
0
14
0
0
2
14
2
15
1
1

0.3
64
64
9
790
-1
1.65513
6903
24
9
10
12
24
9
10
12
1
5
0
9
0
5
11
9
11
5
1
1
0
0
4
0
0
11
4
11
5
1
0
10
12
1
5
0
9
0
5
11
9
11
5
1
1
0
0
4
0
0
11
4
11
5
1
0

6218
-1
1.34342
44689
9
0
36
16
9
0
36
16
1
0
8
35
8
0
15
35
15
36
1
1
0
0
35
0
0
7
35
7
36
1
1
36
16
1
0
8
35
8
0
15
35
15
36
1
1
0
0
35
0
0
7
35
7
36
1
1

488
-1
1.26714
8976
0
51
12
8
0
51
12
8
1
6
0
11
0
6
7
11
7
6
1
1
0
0
5
0
0
7
5
7
6
1
0
12
8
1
6
0
11
0
6
7
11
7
6
1
1
0
0
5
0
0
7
5
7
6
1
0

685
-1
1.23681
40119
36
15
23
6
36
15
23
6
1
0
3
22
3
0
5
22
5
23
1
1
0
0
22
0
0
2
22
2
23
1
1
23
6
1
0
3
22
3
0
5
22
5
23
1
1
0
0
22
0
0
2
22
2
23
1
1

7943
1
1.21366
37310
30
0
15
46
30
0
15
46
1
0
23
14
23
0
45
14
45
15
1
1
0
0
14
0
0
22
14
22
15
1
1
15
46
1
0
23
14
23
0
45
14
45
15
1
1
0
0
14
0
0
22
14
22
15
1
1

712
-1
1.19606
34983
27
33
15
6
27
33
15
6
1
0
3
14
3
0
5
14
5
15
1
1
0
0
14
0
0
2
14
2
15
1
1
15
6
1
0
3
14
3
0
5
14
5
15
1
1
0
0
14
0
0
2
14
2
15
1
1

1288
-1
1.09579
12484
18
3
16
12
18
3
16
12
1
8
0
15
0
8
11
15
11
8
1
1
0
0
7
0
0
11
7
11
8
1
0
16
12
1
8
0
15
0
8
11
15
11
8
1
1
0
0
7
0
0
11
7
11
8
1
0

15030
-1
1.03349
75130
12
0
8
36
12
0
8
36
2
0
0
7
0
0
11
7
11
8
1
0
24
7
24
0
35
7
35
8
1
1
0
12
7
12
0
23
7
23
8
1
3
8
36
2
0
0
7
0
0
11
7
11
8
1
0
24
7
24
0
35
7
35
8
1
1
0
12
7
12
0
23
7
23
8
1
3

17803
1
1.33947
78249
42
6
10
45
42
6
10
45
2
0
0
9
0
0
14
9
14
10
1
0
30
9
30
0
44
9
44
10
1
1
0
15
9
15
0
29
9
29
10
1
3
10
45
2
0
0
9
0
0
14
9
14
10
1
0
30
9
30
0
44
9
44
10
1
1
0
15
9
15
0
29
9
29
10
1
3

