4
0.285
24
24
3
401
-1
2.60438
57003
6
0
13
6
6
0
13
6
1
0
3
12
3
0
5
12
5
13
3
1
0
0
12
0
0
2
12
2
13
3
1
13
6
1
0
3
12
3
0
5
12
5
13
3
1
0
0
12
0
0
2
12
2
13
3
1

257
-1
1.86552
143250
0
5
7
7
0
5
7
7
2
3
0
6
0
3
2
6
2
4
3
0
3
2
3
0
6
2
6
3
4
2
0
0
2
0
0
2
2
2
3
3
3
3
6
3
3
6
6
6
4
4
4
7
7
2
3
0
6
0
3
2
6
2
4
3
0
3
2
3
0
6
2
6
3
4
2
0
0
2
0
0
2
2
2
3
3
3
3
6
3
3
6
6
6
4
4
4

22689
1
1.79017
142870
1
0
23
21
1
0
23
21
2
0
0
22
0
0
6
22
6
23
7
0
14
22
14
0
20
22
20
23
7
1
0
7
22
7
0
13
22
13
23
7
3
23
21
2
0
0
22
0
0
6
22
6
23
7
0
14
22
14
0
20
22
20
23
7
1
0
7
22
7
0
13
22
13
23
7
3

0.225
24
24
4
436
-1
2.33712
54508
4
0
12
6
4
0
12
6
1
0
3
11
3
0
5
11
5
12
3
1
0
0
11
0
0
2
11
2
12
3
1
12
6
1
0
3
11
3
0
5
11
5
12
3
1
0
0
11
0
0
2
11
2
12
3
1

1078
-1
2.17493
36783
2
4
6
9
2
4
6
9
1
0
4
5
4
0
8
5
8
6
5
1
0
0
5
0
0
3
5
3
6
4
1
6
9
1
0
4
5
4
0
8
5
8
6
5
1
0
0
5
0
0
3
5
3
6
4
1

295
-1
1.90563
36030
16
5
6
6
16
5
6
6
1
0
3
5
3
0
5
5
5
6
3
1
0
0
5
0
0
2
5
2
6
3
1
6
6
1
0
3
5
3
0
5
5
5
6
3
1
0
0
5
0
0
2
5
2
6
3
1

3573
1
2.03731
70476
3
3
21
21
3
3
21
21
1
0
10
20
10
0
20
20
20
21
11
1
0
0
20
0
0
9
20
9
21
10
1
21
21
1
0
10
20
10
0
20
20
20
21
11
1
0
0
20
0
0
9
20
9
21
10
1

0.315
24
24
6
893
-1
2.33002
70521
1
5
22
6
1
5
22
6
1
0
3
21
3
0
5
21
5
22
3
1
0
0
21
0
0
2
21
2
22
3
1
22
6
1
0
3
21
3
0
5
21
5
22
3
1
0
0
21
0
0
2
21
2
22
3
1

251
-1
1.65374
35835
6
0
6
6
6
0
6
6
1
0
3
5
3
0
5
5
5
6
3
1
0
0
5
0
0
2
5
2
6
3
1
6
6
1
0
3
5
3
0
5
5
5
6
3
1
0
0
5
0
0
2
5
2
6
3
1

3224
1
1.79812
61235
10
1
14
23
10
1
14
23
1
0
11
13
11
0
22
13
22
14
12
1
0
0
13
0
0
10
13
10
14
11
1
14
23
1
0
11
13
11
0
22
13
22
14
12
1
0
0
13
0
0
10
13
10
14
11
1

289
-1
1.72154
143251
0
6
7
7
0
6
7
7
2
3
0
6
0
3
2
6
2
4
3
0
3
2
3
0
6
2
6
3
4
2
0
0
2
0
0
2
2
2
3
3
3
3
6
3
3
6
6
6
4
4
4
7
7
2
3
0
6
0
3
2
6
2
4
3
0
3
2
3
0
6
2
6
3
4
2
0
0
2
0
0
2
2
2
3
3
3
3
6
3
3
6
6
6
4
4
4

79
-1
1.57716
143226
18
0
6
6
18
0
6
6
2
3
0
5
0
3
2
5
2
3
3
0
3
2
3
0
5
2
5
3
3
2
0
0
2
0
0
2
2
2
3
3
3
3
5
3
3
5
5
5
3
3
4
6
6
2
3
0
5
0
3
2
5
2
3
3
0
3
2
3
0
5
2
5
3
3
2
0
0
2
0
0
2
2
2
3
3
3
3
5
3
3
5
5
5
3
3
4

1720
-1
1.58348
52256
11
6
11
7
11
6
11
7
1
0
3
10
3
0
6
10
6
11
4
1
0
0
10
0
0
2
10
2
11
3
1
11
7
1
0
3
10
3
0
6
10
6
11
4
1
0
0
10
0
0
2
10
2
11
3
1

0.3
24
24
6
3890
1
2.07239
98925
4
2
16
6
4
2
16
6
2
0
0
4
0
0
5
4
5
5
6
10
0
15
0
10
5
15
5
6
6
1
5
0
10
0
5
5
10
5
6
6
2
16
6
2
0
0
4
0
0
5
4
5
5
6
10
0
15
0
10
5
15
5
6
6
1
5
0
10
0
5
5
10
5
6
6
2

388
-1
1.55688
35797
4
0
6
6
4
0
6
6
1
0
3
5
3
0
5
5
5
6
3
1
0
0
5
0
0
2
5
2
6
3
1
6
6
1
0
3
5
3
0
5
5
5
6
3
1
0
0
5
0
0
2
5
2
6
3
1

1294
-1
1.39949
43276
13
5
8
7
13
5
8
7
1
0
3
7
3
0
6
7
6
8
4
1
0
0
7
0
0
2
7
2
8
3
1
8
7
1
0
3
7
3
0
6
7
6
8
4
1
0
0
7
0
0
2
7
2
8
3
1

563
1
1.40907
3820
12
1
7
6
12
1
7
6
1
3
0
6
0
3
5
6
5
4
6
1
0
0
2
0
0
5
2
5
3
6
0
7
6
1
3
0
6
0
3
5
6
5
4
6
1
0
0
2
0
0
5
2
5
3
6
0

186
-1
1.38375
143602
1
16
8
8
1
16
8
8
2
4
0
7
0
4
3
7
3
4
4
0
4
3
4
0
7
3
7
4
4
2
0
0
3
0
0
3
3
3
4
4
4
4
7
4
4
7
7
7
4
4
4
8
8
2
4
0
7
0
4
3
7
3
4
4
0
4
3
4
0
7
3
7
4
4
2
0
0
3
0
0
3
3
3
4
4
4
4
7
4
4
7
7
7
4
4
4

2657
1
1.41497
59140
3
1
13
23
3
1
13
23
1
0
11
12
11
0
22
12
22
13
12
1
0
0
12
0
0
10
12
10
13
11
1
13
23
1
0
11
12
11
0
22
12
22
13
12
1
0
0
12
0
0
10
12
10
13
11
1

