9
0.28
24
24
3
3996
-1
2.47182
69102
2
4
20
9
2
4
20
9
1
0
4
19
4
0
8
19
8
20
5
1
0
0
19
0
0
3
19
3
20
4
1
20
9
1
0
4
19
4
0
8
19
8
20
5
1
0
0
19
0
0
3
19
3
20
4
1

122
-1
2.30084
211
11
2
6
6
11
2
6
6
1
3
0
5
0
3
5
5
5
3
6
1
0
0
2
0
0
5
2
5
3
6
0
6
6
1
3
0
5
0
3
5
5
5
3
6
1
0
0
2
0
0
5
2
5
3
6
0

1423
1
1.86773
57563
1
10
13
9
1
10
13
9
1
0
4
12
4
0
8
12
8
13
5
1
0
0
12
0
0
3
12
3
13
4
1
13
9
1
0
4
12
4
0
8
12
8
13
5
1
0
0
12
0
0
3
12
3
13
4
1

0.29
24
24
3
3363
-1
2.27303
68932
2
5
20
7
2
5
20
7
1
0
3
19
3
0
6
19
6
20
4
1
0
0
19
0
0
2
19
2
20
3
1
20
7
1
0
3
19
3
0
6
19
6
20
4
1
0
0
19
0
0
2
19
2
20
3
1

2488
1
1.80866
71258
1
10
23
11
1
10
23
11
1
0
5
22
5
0
10
22
10
23
6
1
0
0
22
0
0
4
22
4
23
5
1
23
11
1
0
5
22
5
0
10
22
10
23
6
1
0
0
22
0
0
4
22
4
23
5
1

341
-1
2.08286
35968
13
0
6
6
13
0
6
6
1
0
3
5
3
0
5
5
5
6
3
1
0
0
5
0
0
2
5
2
6
3
1
6
6
1
0
3
5
3
0
5
5
5
6
3
1
0
0
5
0
0
2
5
2
6
3
1

0.3
24
24
6
623
-1
2.15867
66401
3
5
18
6
3
5
18
6
1
0
3
17
3
0
5
17
5
18
3
1
0
0
17
0
0
2
17
2
18
3
1
18
6
1
0
3
17
3
0
5
17
5
18
3
1
0
0
17
0
0
2
17
2
18
3
1

1440
-1
1.33138
36141
3
5
6
7
3
5
6
7
1
0
3
5
3
0
6
5
6
6
4
1
0
0
5
0
0
2
5
2
6
3
1
6
7
1
0
3
5
3
0
6
5
6
6
4
1
0
0
5
0
0
2
5
2
6
3
1

4266
1
1.64034
70362
0
5
21
17
0
5
21
17
1
0
8
20
8
0
16
20
16
21
9
1
0
0
20
0
0
7
20
7
21
8
1
21
17
1
0
8
20
8
0
16
20
16
21
9
1
0
0
20
0
0
7
20
7
21
8
1

645
-1
1.56956
61350
6
0
15
6
6
0
15
6
1
0
3
14
3
0
5
14
5
15
3
1
0
0
14
0
0
2
14
2
15
3
1
15
6
1
0
3
14
3
0
5
14
5
15
3
1
0
0
14
0
0
2
14
2
15
3
1

881
-1
1.21516
13248
0
18
10
6
0
18
10
6
1
5
0
9
0
5
5
9
5
5
6
1
0
0
4
0
0
5
4
5
5
6
0
10
6
1
5
0
9
0
5
5
9
5
5
6
1
0
0
4
0
0
5
4
5
5
6
0

1075
-1
1.25769
43060
1
5
8
7
1
5
8
7
1
0
3
7
3
0
6
7
6
8
4
1
0
0
7
0
0
2
7
2
8
3
1
8
7
1
0
3
7
3
0
6
7
6
8
4
1
0
0
7
0
0
2
7
2
8
3
1

0.23
24
24
4
216
-1
1.79956
135
7
2
6
6
7
2
6
6
1
3
0
5
0
3
5
5
5
3
6
1
0
0
2
0
0
5
2
5
3
6
0
6
6
1
3
0
5
0
3
5
5
5
3
6
1
0
0
2
0
0
5
2
5
3
6
0

2766
1
1.48094
71181
0
9
23
9
0
9
23
9
1
0
4
22
4
0
8
22
8
23
5
1
0
0
22
0
0
3
22
3
23
4
1
23
9
1
0
4
22
4
0
8
22
8
23
5
1
0
0
22
0
0
3
22
3
23
4
1

1378
-1
1.3614
36140
3
4
6
7
3
4
6
7
1
0
3
5
3
0
6
5
6
6
4
1
0
0
5
0
0
2
5
2
6
3
1
6
7
1
0
3
5
3
0
6
5
6
6
4
1
0
0
5
0
0
2
5
2
6
3
1

2817
1
1.41774
60953
2
0
14
18
2
0
14
18
1
0
9
13
9
0
17
13
17
14
9
1
0
0
13
0
0
8
13
8
14
9
1
14
18
1
0
9
13
9
0
17
13
17
14
9
1
0
0
13
0
0
8
13
8
14
9
1

0.215
24
24
6
814
-1
1.77245
66420
4
5
18
6
4
5
18
6
1
0
3
17
3
0
5
17
5
18
3
1
0
0
17
0
0
2
17
2
18
3
1
18
6
1
0
3
17
3
0
5
17
5
18
3
1
0
0
17
0
0
2
17
2
18
3
1

929
1
1.50346
52638
6
0
11
9
6
0
11
9
1
0
4
10
4
0
8
10
8
11
5
1
0
0
10
0
0
3
10
3
11
4
1
11
9
1
0
4
10
4
0
8
10
8
11
5
1
0
0
10
0
0
3
10
3
11
4
1

1667
-1
1.34303
11150
5
0
9
9
5
0
9
9
1
4
0
8
0
4
8
8
8
5
9
1
0
0
3
0
0
8
3
8
4
9
0
9
9
1
4
0
8
0
4
8
8
8
5
9
1
0
0
3
0
0
8
3
8
4
9
0

2513
1
1.2702
69571
0
5
20
17
0
5
20
17
1
0
8
19
8
0
16
19
16
20
9
1
0
0
19
0
0
7
19
7
20
8
1
20
17
1
0
8
19
8
0
16
19
16
20
9
1
0
0
19
0
0
7
19
7
20
8
1

452
-1
1.12332
54508
4
0
12
6
4
0
12
6
1
0
3
11
3
0
5
11
5
12
3
1
0
0
11
0
0
2
11
2
12
3
1
12
6
1
0
3
11
3
0
5
11
5
12
3
1
0
0
11
0
0
2
11
2
12
3
1

299
-1
1.08736
6995
0
2
8
6
0
2
8
6
1
4
0
7
0
4
5
7
5
4
6
1
0
0
3
0
0
5
3
5
4
6
0
8
6
1
4
0
7
0
4
5
7
5
4
6
1
0
0
3
0
0
5
3
5
4
6
0

0.355
24
24
11
1532
1
1.44322
61499
4
1
15
7
4
1
15
7
1
0
3
14
3
0
6
14
6
15
4
1
0
0
14
0
0
2
14
2
15
3
1
15
7
1
0
3
14
3
0
6
14
6
15
4
1
0
0
14
0
0
2
14
2
15
3
1

1327
-1
1.42027
36783
2
4
6
9
2
4
6
9
1
0
4
5
4
0
8
5
8
6
5
1
0
0
5
0
0
3
5
3
6
4
1
6
9
1
0
4
5
4
0
8
5
8
6
5
1
0
0
5
0
0
3
5
3
6
4
1

2079
-1
1.22214
5464
7
0
7
12
7
0
7
12
1
3
0
6
0
3
11
6
11
4
12
1
0
0
2
0
0
11
2
11
3
12
0
7
12
1
3
0
6
0
3
11
6
11
4
12
1
0
0
2
0
0
11
2
11
3
12
0

1000
1
1.12499
49488
14
0
10
7
14
0
10
7
1
0
3
9
3
0
6
9
6
10
4
1
0
0
9
0
0
2
9
2
10
3
1
10
7
1
0
3
9
3
0
6
9
6
10
4
1
0
0
9
0
0
2
9
2
10
3
1

639
-1
1.00275
1893
0
12
6
12
0
12
6
12
1
3
0
5
0
3
11
5
11
3
12
1
0
0
2
0
0
11
2
11
3
12
0
6
12
1
3
0
5
0
3
11
5
11
3
12
1
0
0
2
0
0
11
2
11
3
12
0

2671
1
1.18378
58861
4
0
13
18
4
0
13
18
1
0
9
12
9
0
17
12
17
13
9
1
0
0
12
0
0
8
12
8
13
9
1
13
18
1
0
9
12
9
0
17
12
17
13
9
1
0
0
12
0
0
8
12
8
13
9
1

542
-1
1.18745
39582
14
4
7
6
14
4
7
6
1
0
3
6
3
0
5
6
5
7
3
1
0
0
6
0
0
2
6
2
7
3
1
7
6
1
0
3
6
3
0
5
6
5
7
3
1
0
0
6
0
0
2
6
2
7
3
1

334
-1
0.91607
7297
16
0
8
6
16
0
8
6
1
4
0
7
0
4
5
7
5
4
6
1
0
0
3
0
0
5
3
5
4
6
0
8
6
1
4
0
7
0
4
5
7
5
4
6
1
0
0
3
0
0
5
3
5
4
6
0

1853
1
0.965481
145311
2
2
20
20
2
2
20
20
2
10
0
19
0
10
9
19
9
10
10
0
10
9
10
0
19
9
19
10
10
2
0
0
9
0
0
9
9
9
10
10
10
10
19
10
10
19
19
19
10
10
4
20
20
2
10
0
19
0
10
9
19
9
10
10
0
10
9
10
0
19
9
19
10
10
2
0
0
9
0
0
9
9
9
10
10
10
10
19
10
10
19
19
19
10
10
4

480
-1
0.987351
42895
9
10
8
6
9
10
8
6
1
0
3
7
3
0
5
7
5
8
3
1
0
0
7
0
0
2
7
2
8
3
1
8
6
1
0
3
7
3
0
5
7
5
8
3
1
0
0
7
0
0
2
7
2
8
3
1

8710
-1
1.04267
138526
4
0
18
12
4
0
18
12
2
0
0
17
0
0
3
17
3
18
4
0
8
17
8
0
11
17
11
18
4
1
0
4
17
4
0
7
17
7
18
4
3
18
12
2
0
0
17
0
0
3
17
3
18
4
0
8
17
8
0
11
17
11
18
4
1
0
4
17
4
0
7
17
7
18
4
3

0.38
24
24
11
2869
-1
1.56385
112134
8
0
7
10
8
0
7
10
2
0
0
6
0
0
2
6
2
7
3
0
6
6
6
0
9
6
9
7
4
1
0
3
6
3
0
6
6
6
7
4
3
7
10
2
0
0
6
0
0
2
6
2
7
3
0
6
6
6
0
9
6
9
7
4
1
0
3
6
3
0
6
6
6
7
4
3

592
-1
1.30106
69770
1
10
21
6
1
10
21
6
1
0
3
20
3
0
5
20
5
21
3
1
0
0
20
0
0
2
20
2
21
3
1
21
6
1
0
3
20
3
0
5
20
5
21
3
1
0
0
20
0
0
2
20
2
21
3
1

513
-1
1.31527
39388
4
0
7
6
4
0
7
6
1
0
3
6
3
0
5
6
5
7
3
1
0
0
6
0
0
2
6
2
7
3
1
7
6
1
0
3
6
3
0
5
6
5
7
3
1
0
0
6
0
0
2
6
2
7
3
1

4991
1
1.07263
71431
1
3
23
21
1
3
23
21
1
0
10
22
10
0
20
22
20
23
11
1
0
0
22
0
0
9
22
9
23
10
1
23
21
1
0
10
22
10
0
20
22
20
23
11
1
0
0
22
0
0
9
22
9
23
10
1

633
1
0.981209
4132
11
1
7
7
11
1
7
7
1
3
0
6
0
3
6
6
6
4
7
1
0
0
2
0
0
6
2
6
3
7
0
7
7
1
3
0
6
0
3
6
6
6
4
7
1
0
0
2
0
0
6
2
6
3
7
0

716
-1
1.09245
2138
0
10
6
13
0
10
6
13
1
3
0
5
0
3
12
5
12
3
13
1
0
0
2
0
0
12
2
12
3
13
0
6
13
1
3
0
5
0
3
12
5
12
3
13
1
0
0
2
0
0
12
2
12
3
13
0

1022
-1
0.819672
37578
17
4
6
11
17
4
6
11
1
0
5
5
5
0
10
5
10
6
6
1
0
0
5
0
0
4
5
4
6
5
1
6
11
1
0
5
5
5
0
10
5
10
6
6
1
0
0
5
0
0
4
5
4
6
5
1

1525
1
1.0271
71435
1
0
23
22
1
0
23
22
1
0
11
22
11
0
21
22
21
23
11
1
0
0
22
0
0
10
22
10
23
11
1
23
22
1
0
11
22
11
0
21
22
21
23
11
1
0
0
22
0
0
10
22
10
23
11
1

139
-1
0.885341
153
8
1
6
6
8
1
6
6
1
3
0
5
0
3
5
5
5
3
6
1
0
0
2
0
0
5
2
5
3
6
0
6
6
1
3
0
5
0
3
5
5
5
3
6
1
0
0
2
0
0
5
2
5
3
6
0

378
-1
0.827188
54563
6
17
12
6
6
17
12
6
1
0
3
11
3
0
5
11
5
12
3
1
0
0
11
0
0
2
11
2
12
3
1
12
6
1
0
3
11
3
0
5
11
5
12
3
1
0
0
11
0
0
2
11
2
12
3
1

733
1
0.92038
38662
1
7
6
17
1
7
6
17
1
0
8
5
8
0
16
5
16
6
9
1
0
0
5
0
0
7
5
7
6
8
1
6
17
1
0
8
5
8
0
16
5
16
6
9
1
0
0
5
0
0
7
5
7
6
8
1

0.385
24
24
16
1220
-1
1.3857
70540
2
5
22
6
2
5
22
6
1
0
3
21
3
0
5
21
5
22
3
1
0
0
21
0
0
2
21
2
22
3
1
22
6
1
0
3
21
3
0
5
21
5
22
3
1
0
0
21
0
0
2
21
2
22
3
1

2052
1
1.12468
62919
9
0
15
18
9
0
15
18
1
0
9
14
9
0
17
14
17
15
9
1
0
0
14
0
0
8
14
8
15
9
1
15
18
1
0
9
14
9
0
17
14
17
15
9
1
0
0
14
0
0
8
14
8
15
9
1

364
-1
1.1666
210
11
1
6
6
11
1
6
6
1
3
0
5
0
3
5
5
5
3
6
1
0
0
2
0
0
5
2
5
3
6
0
6
6
1
3
0
5
0
3
5
5
5
3
6
1
0
0
2
0
0
5
2
5
3
6
0

2097
1
0.8436
56869
3
0
12
23
3
0
12
23
1
0
11
11
11
0
22
11
22
12
12
1
0
0
11
0
0
10
11
10
12
11
1
12
23
1
0
11
11
11
0
22
11
22
12
12
1
0
0
11
0
0
10
11
10
12
11
1

1081
-1
0.901908
64903
4
0
17
6
4
0
17
6
1
0
3
16
3
0
5
16
5
17
3
1
0
0
16
0
0
2
16
2
17
3
1
17
6
1
0
3
16
3
0
5
16
5
17
3
1
0
0
16
0
0
2
16
2
17
3
1

993
1
0.826422
45708
3
4
8
20
3
4
8
20
1
0
10
7
10
0
19
7
19
8
10
1
0
0
7
0
0
9
7
9
8
10
1
8
20
1
0
10
7
10
0
19
7
19
8
10
1
0
0
7
0
0
9
7
9
8
10
1

879
-1
0.842219
3496
0
0
6
22
0
0
6
22
1
3
0
5
0
3
21
5
21
3
22
1
0
0
2
0
0
21
2
21
3
22
0
6
22
1
3
0
5
0
3
21
5
21
3
22
1
0
0
2
0
0
21
2
21
3
22
0

8141
1
0.863568
125498
0
2
11
18
0
2
11
18
2
0
0
10
0
0
5
10
5
11
6
0
12
10
12
0
17
10
17
11
6
1
0
6
10
6
0
11
10
11
11
6
3
11
18
2
0
0
10
0
0
5
10
5
11
6
0
12
10
12
0
17
10
17
11
6
1
0
6
10
6
0
11
10
11
11
6
3

5919
-1
0.797055
124744
10
0
11
12
10
0
11
12
2
0
0
10
0
0
3
10
3
11
4
0
8
10
8
0
11
10
11
11
4
1
0
4
10
4
0
7
10
7
11
4
3
11
12
2
0
0
10
0
0
3
10
3
11
4
0
8
10
8
0
11
10
11
11
4
1
0
4
10
4
0
7
10
7
11
4
3

665
1
0.9349
16397
3
12
11
7
3
12
11
7
1
5
0
10
0
5
6
10
6
6
7
1
0
0
4
0
0
6
4
6
5
7
0
11
7
1
5
0
10
0
5
6
10
6
6
7
1
0
0
4
0
0
6
4
6
5
7
0

332
-1
0.79504
342
18
0
6
6
18
0
6
6
1
3
0
5
0
3
5
5
5
3
6
1
0
0
2
0
0
5
2
5
3
6
0
6
6
1
3
0
5
0
3
5
5
5
3
6
1
0
0
2
0
0
5
2
5
3
6
0

4011
-1
0.878616
71191
1
3
23
9
1
3
23
9
1
0
4
22
4
0
8
22
8
23
5
1
0
0
22
0
0
3
22
3
23
4
1
23
9
1
0
4
22
4
0
8
22
8
23
5
1
0
0
22
0
0
3
22
3
23
4
1

1136
1
0.838647
51640
12
4
10
20
12
4
10
20
1
0
10
9
10
0
19
9
19
10
10
1
0
0
9
0
0
9
9
9
10
10
1
10
20
1
0
10
9
10
0
19
9
19
10
10
1
0
0
9
0
0
9
9
9
10
10
1

741
1
0.872412
10708
11
0
9
7
11
0
9
7
1
4
0
8
0
4
6
8
6
5
7
1
0
0
3
0
0
6
3
6
4
7
0
9
7
1
4
0
8
0
4
6
8
6
5
7
1
0
0
3
0
0
6
3
6
4
7
0

656
1
0.758944
37044
18
9
6
9
18
9
6
9
1
0
4
5
4
0
8
5
8
6
5
1
0
0
5
0
0
3
5
3
6
4
1
6
9
1
0
4
5
4
0
8
5
8
6
5
1
0
0
5
0
0
3
5
3
6
4
1

2032
-1
0.859181
35360
0
17
23
6
0
17
23
6
1
11
0
22
0
11
5
22
5
12
6
1
0
0
10
0
0
5
10
5
11
6
0
23
6
1
11
0
22
0
11
5
22
5
12
6
1
0
0
10
0
0
5
10
5
11
6
0

0.425
24
24
21
11695
-1
1.07664
139724
2
0
19
12
2
0
19
12
2
0
0
18
0
0
3
18
3
19
4
0
8
18
8
0
11
18
11
19
4
1
0
4
18
4
0
7
18
7
19
4
3
19
12
2
0
0
18
0
0
3
18
3
19
4
0
8
18
8
0
11
18
11
19
4
1
0
4
18
4
0
7
18
7
19
4
3

3540
1
1.12223
109958
4
4
6
16
4
4
6
16
2
0
0
5
0
0
4
5
4
6
5
0
10
5
10
0
15
5
15
6
6
1
0
5
5
5
0
10
5
10
6
6
3
6
16
2
0
0
5
0
0
4
5
4
6
5
0
10
5
10
0
15
5
15
6
6
1
0
5
5
5
0
10
5
10
6
6
3

1390
-1
0.925615
4359
6
0
7
8
6
0
7
8
1
3
0
6
0
3
7
6
7
4
8
1
0
0
2
0
0
7
2
7
3
8
0
7
8
1
3
0
6
0
3
7
6
7
4
8
1
0
0
2
0
0
7
2
7
3
8
0

1387
-1
0.893998
63221
5
0
16
6
5
0
16
6
1
0
3
15
3
0
5
15
5
16
3
1
0
0
15
0
0
2
15
2
16
3
1
16
6
1
0
3
15
3
0
5
15
5
16
3
1
0
0
15
0
0
2
15
2
16
3
1

756
1
0.978953
37596
18
8
6
11
18
8
6
11
1
0
5
5
5
0
10
5
10
6
6
1
0
0
5
0
0
4
5
4
6
5
1
6
11
1
0
5
5
5
0
10
5
10
6
6
1
0
0
5
0
0
4
5
4
6
5
1

1929
1
0.768741
61140
0
3
14
21
0
3
14
21
1
0
10
13
10
0
20
13
20
14
11
1
0
0
13
0
0
9
13
9
14
10
1
14
21
1
0
10
13
10
0
20
13
20
14
11
1
0
0
13
0
0
9
13
9
14
10
1

1796
-1
0.754529
68820
1
5
20
6
1
5
20
6
1
0
3
19
3
0
5
19
5
20
3
1
0
0
19
0
0
2
19
2
20
3
1
20
6
1
0
3
19
3
0
5
19
5
20
3
1
0
0
19
0
0
2
19
2
20
3
1

2965
-1
0.73165
90584
10
4
12
7
10
4
12
7
2
0
0
3
0
0
6
3
6
4
7
8
0
11
0
8
6
11
6
4
7
1
4
0
7
0
4
6
7
6
4
7
2
12
7
2
0
0
3
0
0
6
3
6
4
7
8
0
11
0
8
6
11
6
4
7
1
4
0
7
0
4
6
7
6
4
7
2

748
1
0.761505
36891
9
0
6
9
9
0
6
9
1
0
4
5
4
0
8
5
8
6
5
1
0
0
5
0
0
3
5
3
6
4
1
6
9
1
0
4
5
4
0
8
5
8
6
5
1
0
0
5
0
0
3
5
3
6
4
1

2458
-1
0.711548
10121
0
0
8
22
0
0
8
22
1
4
0
7
0
4
21
7
21
4
22
1
0
0
3
0
0
21
3
21
4
22
0
8
22
1
4
0
7
0
4
21
7
21
4
22
1
0
0
3
0
0
21
3
21
4
22
0

1061
1
0.758037
3676
4
9
7
6
4
9
7
6
1
3
0
6
0
3
5
6
5
4
6
1
0
0
2
0
0
5
2
5
3
6
0
7
6
1
3
0
6
0
3
5
6
5
4
6
1
0
0
2
0
0
5
2
5
3
6
0

1100
-1
0.681836
3745
8
2
7
6
8
2
7
6
1
3
0
6
0
3
5
6
5
4
6
1
0
0
2
0
0
5
2
5
3
6
0
7
6
1
3
0
6
0
3
5
6
5
4
6
1
0
0
2
0
0
5
2
5
3
6
0

696
-1
0.701466
63515
3
5
16
8
3
5
16
8
1
0
4
15
4
0
7
15
7
16
4
1
0
0
15
0
0
3
15
3
16
4
1
16
8
1
0
4
15
4
0
7
15
7
16
4
1
0
0
15
0
0
3
15
3
16
4
1

695
1
0.812063
54127
10
3
11
18
10
3
11
18
1
0
9
10
9
0
17
10
17
11
9
1
0
0
10
0
0
8
10
8
11
9
1
11
18
1
0
9
10
9
0
17
10
17
11
9
1
0
0
10
0
0
8
10
8
11
9
1

674
1
0.593836
36423
18
17
6
7
18
17
6
7
1
0
3
5
3
0
6
5
6
6
4
1
0
0
5
0
0
2
5
2
6
3
1
6
7
1
0
3
5
3
0
6
5
6
6
4
1
0
0
5
0
0
2
5
2
6
3
1

245
-1
0.657015
0
0
0
6
6
0
0
6
6
1
3
0
5
0
3
5
5
5
3
6
1
0
0
2
0
0
5
2
5
3
6
0
6
6
1
3
0
5
0
3
5
5
5
3
6
1
0
0
2
0
0
5
2
5
3
6
0

1152
-1
0.717469
5205
6
0
7
11
6
0
7
11
1
3
0
6
0
3
10
6
10
4
11
1
0
0
2
0
0
10
2
10
3
11
0
7
11
1
3
0
6
0
3
10
6
10
4
11
1
0
0
2
0
0
10
2
10
3
11
0

1498
-1
0.736061
8437
16
14
8
10
16
14
8
10
1
4
0
7
0
4
9
7
9
4
10
1
0
0
3
0
0
9
3
9
4
10
0
8
10
1
4
0
7
0
4
9
7
9
4
10
1
0
0
3
0
0
9
3
9
4
10
0

1863
1
0.731314
57225
6
0
13
7
6
0
13
7
1
0
3
12
3
0
6
12
6
13
4
1
0
0
12
0
0
2
12
2
13
3
1
13
7
1
0
3
12
3
0
6
12
6
13
4
1
0
0
12
0
0
2
12
2
13
3
1

12784
-1
0.753989
105942
2
8
21
13
2
8
21
13
2
0
0
6
0
0
12
6
12
7
13
14
0
20
0
14
12
20
12
7
13
1
7
0
13
0
7
12
13
12
7
13
2
21
13
2
0
0
6
0
0
12
6
12
7
13
14
0
20
0
14
12
20
12
7
13
1
7
0
13
0
7
12
13
12
7
13
2

15056
1
0.720538
142453
1
1
22
19
1
1
22
19
2
0
0
21
0
0
5
21
5
22
6
0
12
21
12
0
18
21
18
22
7
1
0
6
21
6
0
12
21
12
22
7
3
22
19
2
0
0
21
0
0
5
21
5
22
6
0
12
21
12
0
18
21
18
22
7
1
0
6
21
6
0
12
21
12
22
7
3

