6
0.285
24
24
3
401
-1
2.60438
57003
6
0
13
6
6
0
13
6
1
0
3
12
3
0
5
12
5
13
3
1
0
0
12
0
0
2
12
2
13
3
1
13
6
1
0
3
12
3
0
5
12
5
13
3
1
0
0
12
0
0
2
12
2
13
3
1

257
-1
1.86552
143250
0
5
7
7
0
5
7
7
2
3
0
6
0
3
2
6
2
4
3
0
3
2
3
0
6
2
6
3
4
2
0
0
2
0
0
2
2
2
3
3
3
3
6
3
3
6
6
6
4
4
4
7
7
2
3
0
6
0
3
2
6
2
4
3
0
3
2
3
0
6
2
6
3
4
2
0
0
2
0
0
2
2
2
3
3
3
3
6
3
3
6
6
6
4
4
4

22689
1
1.79017
142870
1
0
23
21
1
0
23
21
2
0
0
22
0
0
6
22
6
23
7
0
14
22
14
0
20
22
20
23
7
1
0
7
22
7
0
13
22
13
23
7
3
23
21
2
0
0
22
0
0
6
22
6
23
7
0
14
22
14
0
20
22
20
23
7
1
0
7
22
7
0
13
22
13
23
7
3

0.225
24
24
4
436
-1
2.33712
54508
4
0
12
6
4
0
12
6
1
0
3
11
3
0
5
11
5
12
3
1
0
0
11
0
0
2
11
2
12
3
1
12
6
1
0
3
11
3
0
5
11
5
12
3
1
0
0
11
0
0
2
11
2
12
3
1

1078
-1
2.17493
36783
2
4
6
9
2
4
6
9
1
0
4
5
4
0
8
5
8
6
5
1
0
0
5
0
0
3
5
3
6
4
1
6
9
1
0
4
5
4
0
8
5
8
6
5
1
0
0
5
0
0
3
5
3
6
4
1

295
-1
1.90563
36030
16
5
6
6
16
5
6
6
1
0
3
5
3
0
5
5
5
6
3
1
0
0
5
0
0
2
5
2
6
3
1
6
6
1
0
3
5
3
0
5
5
5
6
3
1
0
0
5
0
0
2
5
2
6
3
1

3573
1
2.03731
70476
3
3
21
21
3
3
21
21
1
0
10
20
10
0
20
20
20
21
11
1
0
0
20
0
0
9
20
9
21
10
1
21
21
1
0
10
20
10
0
20
20
20
21
11
1
0
0
20
0
0
9
20
9
21
10
1

0.315
24
24
6
893
-1
2.33002
70521
1
5
22
6
1
5
22
6
1
0
3
21
3
0
5
21
5
22
3
1
0
0
21
0
0
2
21
2
22
3
1
22
6
1
0
3
21
3
0
5
21
5
22
3
1
0
0
21
0
0
2
21
2
22
3
1

251
-1
1.65374
35835
6
0
6
6
6
0
6
6
1
0
3
5
3
0
5
5
5
6
3
1
0
0
5
0
0
2
5
2
6
3
1
6
6
1
0
3
5
3
0
5
5
5
6
3
1
0
0
5
0
0
2
5
2
6
3
1

3224
1
1.79812
61235
10
1
14
23
10
1
14
23
1
0
11
13
11
0
22
13
22
14
12
1
0
0
13
0
0
10
13
10
14
11
1
14
23
1
0
11
13
11
0
22
13
22
14
12
1
0
0
13
0
0
10
13
10
14
11
1

289
-1
1.72154
143251
0
6
7
7
0
6
7
7
2
3
0
6
0
3
2
6
2
4
3
0
3
2
3
0
6
2
6
3
4
2
0
0
2
0
0
2
2
2
3
3
3
3
6
3
3
6
6
6
4
4
4
7
7
2
3
0
6
0
3
2
6
2
4
3
0
3
2
3
0
6
2
6
3
4
2
0
0
2
0
0
2
2
2
3
3
3
3
6
3
3
6
6
6
4
4
4

79
-1
1.57716
143226
18
0
6
6
18
0
6
6
2
3
0
5
0
3
2
5
2
3
3
0
3
2
3
0
5
2
5
3
3
2
0
0
2
0
0
2
2
2
3
3
3
3
5
3
3
5
5
5
3
3
4
6
6
2
3
0
5
0
3
2
5
2
3
3
0
3
2
3
0
5
2
5
3
3
2
0
0
2
0
0
2
2
2
3
3
3
3
5
3
3
5
5
5
3
3
4

1720
-1
1.58348
52256
11
6
11
7
11
6
11
7
1
0
3
10
3
0
6
10
6
11
4
1
0
0
10
0
0
2
10
2
11
3
1
11
7
1
0
3
10
3
0
6
10
6
11
4
1
0
0
10
0
0
2
10
2
11
3
1

0.3
24
24
6
3890
1
2.07239
98925
4
2
16
6
4
2
16
6
2
0
0
4
0
0
5
4
5
5
6
10
0
15
0
10
5
15
5
6
6
1
5
0
10
0
5
5
10
5
6
6
2
16
6
2
0
0
4
0
0
5
4
5
5
6
10
0
15
0
10
5
15
5
6
6
1
5
0
10
0
5
5
10
5
6
6
2

388
-1
1.55688
35797
4
0
6
6
4
0
6
6
1
0
3
5
3
0
5
5
5
6
3
1
0
0
5
0
0
2
5
2
6
3
1
6
6
1
0
3
5
3
0
5
5
5
6
3
1
0
0
5
0
0
2
5
2
6
3
1

1294
-1
1.39949
43276
13
5
8
7
13
5
8
7
1
0
3
7
3
0
6
7
6
8
4
1
0
0
7
0
0
2
7
2
8
3
1
8
7
1
0
3
7
3
0
6
7
6
8
4
1
0
0
7
0
0
2
7
2
8
3
1

563
1
1.40907
3820
12
1
7
6
12
1
7
6
1
3
0
6
0
3
5
6
5
4
6
1
0
0
2
0
0
5
2
5
3
6
0
7
6
1
3
0
6
0
3
5
6
5
4
6
1
0
0
2
0
0
5
2
5
3
6
0

186
-1
1.38375
143602
1
16
8
8
1
16
8
8
2
4
0
7
0
4
3
7
3
4
4
0
4
3
4
0
7
3
7
4
4
2
0
0
3
0
0
3
3
3
4
4
4
4
7
4
4
7
7
7
4
4
4
8
8
2
4
0
7
0
4
3
7
3
4
4
0
4
3
4
0
7
3
7
4
4
2
0
0
3
0
0
3
3
3
4
4
4
4
7
4
4
7
7
7
4
4
4

2657
1
1.41497
59140
3
1
13
23
3
1
13
23
1
0
11
12
11
0
22
12
22
13
12
1
0
0
12
0
0
10
12
10
13
11
1
13
23
1
0
11
12
11
0
22
12
22
13
12
1
0
0
12
0
0
10
12
10
13
11
1

0.175
24
24
6
231
-1
1.7054
135
7
2
6
6
7
2
6
6
1
3
0
5
0
3
5
5
5
3
6
1
0
0
2
0
0
5
2
5
3
6
0
6
6
1
3
0
5
0
3
5
5
5
3
6
1
0
0
2
0
0
5
2
5
3
6
0

510
-1
1.34256
66387
2
10
18
6
2
10
18
6
1
0
3
17
3
0
5
17
5
18
3
1
0
0
17
0
0
2
17
2
18
3
1
18
6
1
0
3
17
3
0
5
17
5
18
3
1
0
0
17
0
0
2
17
2
18
3
1

3316
1
1.52147
70290
0
9
21
15
0
9
21
15
1
0
7
20
7
0
14
20
14
21
8
1
0
0
20
0
0
6
20
6
21
7
1
21
15
1
0
7
20
7
0
14
20
14
21
8
1
0
0
20
0
0
6
20
6
21
7
1

1187
-1
1.42326
36140
3
4
6
7
3
4
6
7
1
0
3
5
3
0
6
5
6
6
4
1
0
0
5
0
0
2
5
2
6
3
1
6
7
1
0
3
5
3
0
6
5
6
6
4
1
0
0
5
0
0
2
5
2
6
3
1

4661
1
1.31917
110466
15
2
6
19
15
2
6
19
2
0
0
5
0
0
5
5
5
6
6
0
12
5
12
0
18
5
18
6
7
1
0
6
5
6
0
12
5
12
6
7
3
6
19
2
0
0
5
0
0
5
5
5
6
6
0
12
5
12
0
18
5
18
6
7
1
0
6
5
6
0
12
5
12
6
7
3

1247
-1
1.32868
3325
0
0
6
20
0
0
6
20
1
3
0
5
0
3
19
5
19
3
20
1
0
0
2
0
0
19
2
19
3
20
0
6
20
1
3
0
5
0
3
19
5
19
3
20
1
0
0
2
0
0
19
2
19
3
20
0

0.515
24
24
26
254
-1
1.70759
211
11
2
6
6
11
2
6
6
1
3
0
5
0
3
5
5
5
3
6
1
0
0
2
0
0
5
2
5
3
6
0
6
6
1
3
0
5
0
3
5
5
5
3
6
1
0
0
2
0
0
5
2
5
3
6
0

3647
-1
1.70851
66769
3
4
18
9
3
4
18
9
1
0
4
17
4
0
8
17
8
18
5
1
0
0
17
0
0
3
17
3
18
4
1
18
9
1
0
4
17
4
0
8
17
8
18
5
1
0
0
17
0
0
3
17
3
18
4
1

5545
1
1.30907
110713
18
0
6
22
18
0
6
22
2
0
0
5
0
0
6
5
6
6
7
0
14
5
14
0
21
5
21
6
8
1
0
7
5
7
0
14
5
14
6
8
3
6
22
2
0
0
5
0
0
6
5
6
6
7
0
14
5
14
0
21
5
21
6
8
1
0
7
5
7
0
14
5
14
6
8
3

380
-1
1.30782
46127
10
10
9
6
10
10
9
6
1
0
3
8
3
0
5
8
5
9
3
1
0
0
8
0
0
2
8
2
9
3
1
9
6
1
0
3
8
3
0
5
8
5
9
3
1
0
0
8
0
0
2
8
2
9
3
1

1209
-1
1.27852
46272
2
5
9
7
2
5
9
7
1
0
3
8
3
0
6
8
6
9
4
1
0
0
8
0
0
2
8
2
9
3
1
9
7
1
0
3
8
3
0
6
8
6
9
4
1
0
0
8
0
0
2
8
2
9
3
1

1484
1
1.26261
48906
11
2
9
22
11
2
9
22
1
0
11
8
11
0
21
8
21
9
11
1
0
0
8
0
0
10
8
10
9
11
1
9
22
1
0
11
8
11
0
21
8
21
9
11
1
0
0
8
0
0
10
8
10
9
11
1

146
-1
1.27252
143226
18
0
6
6
18
0
6
6
2
3
0
5
0
3
2
5
2
3
3
0
3
2
3
0
5
2
5
3
3
2
0
0
2
0
0
2
2
2
3
3
3
3
5
3
3
5
5
5
3
3
4
6
6
2
3
0
5
0
3
2
5
2
3
3
0
3
2
3
0
5
2
5
3
3
2
0
0
2
0
0
2
2
2
3
3
3
3
5
3
3
5
5
5
3
3
4

619
-1
1.28784
2926
0
0
6
17
0
0
6
17
1
3
0
5
0
3
16
5
16
3
17
1
0
0
2
0
0
16
2
16
3
17
0
6
17
1
3
0
5
0
3
16
5
16
3
17
1
0
0
2
0
0
16
2
16
3
17
0

883
1
1.16847
47764
3
9
9
13
3
9
9
13
1
0
6
8
6
0
12
8
12
9
7
1
0
0
8
0
0
5
8
5
9
6
1
9
13
1
0
6
8
6
0
12
8
12
9
7
1
0
0
8
0
0
5
8
5
9
6
1

971
-1
1.08436
36783
2
4
6
9
2
4
6
9
1
0
4
5
4
0
8
5
8
6
5
1
0
0
5
0
0
3
5
3
6
4
1
6
9
1
0
4
5
4
0
8
5
8
6
5
1
0
0
5
0
0
3
5
3
6
4
1

146
-1
1.17506
142903
1
0
6
6
1
0
6
6
2
3
0
5
0
3
2
5
2
3
3
0
3
2
3
0
5
2
5
3
3
2
0
0
2
0
0
2
2
2
3
3
3
3
5
3
3
5
5
5
3
3
4
6
6
2
3
0
5
0
3
2
5
2
3
3
0
3
2
3
0
5
2
5
3
3
2
0
0
2
0
0
2
2
2
3
3
3
3
5
3
3
5
5
5
3
3
4

117
-1
1.15183
143228
18
2
6
6
18
2
6
6
2
3
0
5
0
3
2
5
2
3
3
0
3
2
3
0
5
2
5
3
3
2
0
0
2
0
0
2
2
2
3
3
3
3
5
3
3
5
5
5
3
3
4
6
6
2
3
0
5
0
3
2
5
2
3
3
0
3
2
3
0
5
2
5
3
3
2
0
0
2
0
0
2
2
2
3
3
3
3
5
3
3
5
5
5
3
3
4

1043
1
1.13745
38981
8
1
6
19
8
1
6
19
1
0
9
5
9
0
18
5
18
6
10
1
0
0
5
0
0
8
5
8
6
9
1
6
19
1
0
9
5
9
0
18
5
18
6
10
1
0
0
5
0
0
8
5
8
6
9
1

367
-1
1.14291
35873
8
0
6
6
8
0
6
6
1
0
3
5
3
0
5
5
5
6
3
1
0
0
5
0
0
2
5
2
6
3
1
6
6
1
0
3
5
3
0
5
5
5
6
3
1
0
0
5
0
0
2
5
2
6
3
1

482
-1
1.17198
144038
11
4
9
9
11
4
9
9
2
4
0
8
0
4
3
8
3
5
4
0
4
3
4
0
8
3
8
4
5
2
0
0
3
0
0
3
3
3
4
4
4
4
8
4
4
8
8
8
5
5
4
9
9
2
4
0
8
0
4
3
8
3
5
4
0
4
3
4
0
8
3
8
4
5
2
0
0
3
0
0
3
3
3
4
4
4
4
8
4
4
8
8
8
5
5
4

2766
1
1.07999
67204
6
9
18
13
6
9
18
13
1
0
6
17
6
0
12
17
12
18
7
1
0
0
17
0
0
5
17
5
18
6
1
18
13
1
0
6
17
6
0
12
17
12
18
7
1
0
0
17
0
0
5
17
5
18
6
1

276
1
1.09299
16238
9
2
11
6
9
2
11
6
1
5
0
10
0
5
5
10
5
6
6
1
0
0
4
0
0
5
4
5
5
6
0
11
6
1
5
0
10
0
5
5
10
5
6
6
1
0
0
4
0
0
5
4
5
5
6
0

3248
-1
1.41432
69102
2
4
20
9
2
4
20
9
1
0
4
19
4
0
8
19
8
20
5
1
0
0
19
0
0
3
19
3
20
4
1
20
9
1
0
4
19
4
0
8
19
8
20
5
1
0
0
19
0
0
3
19
3
20
4
1

275
-1
1.18144
39442
6
16
7
6
6
16
7
6
1
0
3
6
3
0
5
6
5
7
3
1
0
0
6
0
0
2
6
2
7
3
1
7
6
1
0
3
6
3
0
5
6
5
7
3
1
0
0
6
0
0
2
6
2
7
3
1

1664
1
1.10999
145343
1
0
22
22
1
0
22
22
2
11
0
21
0
11
10
21
10
11
11
0
11
10
11
0
21
10
21
11
11
2
0
0
10
0
0
10
10
10
11
11
11
11
21
11
11
21
21
21
11
11
4
22
22
2
11
0
21
0
11
10
21
10
11
11
0
11
10
11
0
21
10
21
11
11
2
0
0
10
0
0
10
10
10
11
11
11
11
21
11
11
21
21
21
11
11
4

142
-1
1.11801
143027
7
10
6
6
7
10
6
6
2
3
0
5
0
3
2
5
2
3
3
0
3
2
3
0
5
2
5
3
3
2
0
0
2
0
0
2
2
2
3
3
3
3
5
3
3
5
5
5
3
3
4
6
6
2
3
0
5
0
3
2
5
2
3
3
0
3
2
3
0
5
2
5
3
3
2
0
0
2
0
0
2
2
2
3
3
3
3
5
3
3
5
5
5
3
3
4

109
-1
0.99107
143187
15
18
6
6
15
18
6
6
2
3
0
5
0
3
2
5
2
3
3
0
3
2
3
0
5
2
5
3
3
2
0
0
2
0
0
2
2
2
3
3
3
3
5
3
3
5
5
5
3
3
4
6
6
2
3
0
5
0
3
2
5
2
3
3
0
3
2
3
0
5
2
5
3
3
2
0
0
2
0
0
2
2
2
3
3
3
3
5
3
3
5
5
5
3
3
4

1573
-1
1.03865
5205
6
0
7
11
6
0
7
11
1
3
0
6
0
3
10
6
10
4
11
1
0
0
2
0
0
10
2
10
3
11
0
7
11
1
3
0
6
0
3
10
6
10
4
11
1
0
0
2
0
0
10
2
10
3
11
0

981
1
1.15431
52160
6
0
11
7
6
0
11
7
1
0
3
10
3
0
6
10
6
11
4
1
0
0
10
0
0
2
10
2
11
3
1
11
7
1
0
3
10
3
0
6
10
6
11
4
1
0
0
10
0
0
2
10
2
11
3
1

320
-1
0.979735
154
8
2
6
6
8
2
6
6
1
3
0
5
0
3
5
5
5
3
6
1
0
0
2
0
0
5
2
5
3
6
0
6
6
1
3
0
5
0
3
5
5
5
3
6
1
0
0
2
0
0
5
2
5
3
6
0

1540
1
1.04519
42461
17
5
7
19
17
5
7
19
1
0
9
6
9
0
18
6
18
7
10
1
0
0
6
0
0
8
6
8
7
9
1
7
19
1
0
9
6
9
0
18
6
18
7
10
1
0
0
6
0
0
8
6
8
7
9
1

