4
0.1
24
24
2
843
-1
2.04262
67724
3
5
19
6
3
5
19
6
1
0
3
18
3
0
5
18
5
19
3
1
0
0
18
0
0
2
18
2
19
3
1
19
6
1
0
3
18
3
0
5
18
5
19
3
1
0
0
18
0
0
2
18
2
19
3
1

233
-1
1.35298
210
11
1
6
6
11
1
6
6
1
3
0
5
0
3
5
5
5
3
6
1
0
0
2
0
0
5
2
5
3
6
0
6
6
1
3
0
5
0
3
5
5
5
3
6
1
0
0
2
0
0
5
2
5
3
6
0

0.2
24
24
5
4052
-1
1.60858
68038
3
4
19
9
3
4
19
9
1
0
4
18
4
0
8
18
8
19
5
1
0
0
18
0
0
3
18
3
19
4
1
19
9
1
0
4
18
4
0
8
18
8
19
5
1
0
0
18
0
0
3
18
3
19
4
1

1423
1
1.26257
48835
7
0
9
21
7
0
9
21
1
0
10
8
10
0
20
8
20
9
11
1
0
0
8
0
0
9
8
9
9
10
1
9
21
1
0
10
8
10
0
20
8
20
9
11
1
0
0
8
0
0
9
8
9
9
10
1

850
-1
1.19832
61331
5
0
15
6
5
0
15
6
1
0
3
14
3
0
5
14
5
15
3
1
0
0
14
0
0
2
14
2
15
3
1
15
6
1
0
3
14
3
0
5
14
5
15
3
1
0
0
14
0
0
2
14
2
15
3
1

460
1
1.04783
3820
12
1
7
6
12
1
7
6
1
3
0
6
0
3
5
6
5
4
6
1
0
0
2
0
0
5
2
5
3
6
0
7
6
1
3
0
6
0
3
5
6
5
4
6
1
0
0
2
0
0
5
2
5
3
6
0

2082
1
0.869425
71298
0
10
23
13
0
10
23
13
1
0
6
22
6
0
12
22
12
23
7
1
0
0
22
0
0
5
22
5
23
6
1
23
13
1
0
6
22
6
0
12
22
12
23
7
1
0
0
22
0
0
5
22
5
23
6
1

0.225
24
24
7
3755
-1
1.32493
69857
2
4
21
7
2
4
21
7
1
0
3
20
3
0
6
20
6
21
4
1
0
0
20
0
0
2
20
2
21
3
1
21
7
1
0
3
20
3
0
6
20
6
21
4
1
0
0
20
0
0
2
20
2
21
3
1

1225
1
1.20367
59831
5
0
14
9
5
0
14
9
1
0
4
13
4
0
8
13
8
14
5
1
0
0
13
0
0
3
13
3
14
4
1
14
9
1
0
4
13
4
0
8
13
8
14
5
1
0
0
13
0
0
3
13
3
14
4
1

1529
-1
1.14497
10884
5
1
9
8
5
1
9
8
1
4
0
8
0
4
7
8
7
5
8
1
0
0
3
0
0
7
3
7
4
8
0
9
8
1
4
0
8
0
4
7
8
7
5
8
1
0
0
3
0
0
7
3
7
4
8
0

620
1
0.96757
10708
11
0
9
7
11
0
9
7
1
4
0
8
0
4
6
8
6
5
7
1
0
0
3
0
0
6
3
6
4
7
0
9
7
1
4
0
8
0
4
6
8
6
5
7
1
0
0
3
0
0
6
3
6
4
7
0

2396
1
0.883535
71258
1
10
23
11
1
10
23
11
1
0
5
22
5
0
10
22
10
23
6
1
0
0
22
0
0
4
22
4
23
5
1
23
11
1
0
5
22
5
0
10
22
10
23
6
1
0
0
22
0
0
4
22
4
23
5
1

841
-1
0.957645
2933
0
7
6
17
0
7
6
17
1
3
0
5
0
3
16
5
16
3
17
1
0
0
2
0
0
16
2
16
3
17
0
6
17
1
3
0
5
0
3
16
5
16
3
17
1
0
0
2
0
0
16
2
16
3
17
0

1061
-1
0.813
61331
5
0
15
6
5
0
15
6
1
0
3
14
3
0
5
14
5
15
3
1
0
0
14
0
0
2
14
2
15
3
1
15
6
1
0
3
14
3
0
5
14
5
15
3
1
0
0
14
0
0
2
14
2
15
3
1

0.3
24
24
22
3607
-1
1.29801
67835
3
5
19
7
3
5
19
7
1
0
3
18
3
0
6
18
6
19
4
1
0
0
18
0
0
2
18
2
19
3
1
19
7
1
0
3
18
3
0
6
18
6
19
4
1
0
0
18
0
0
2
18
2
19
3
1

985
1
1.00676
38992
10
0
6
19
10
0
6
19
1
0
9
5
9
0
18
5
18
6
10
1
0
0
5
0
0
8
5
8
6
9
1
6
19
1
0
9
5
9
0
18
5
18
6
10
1
0
0
5
0
0
8
5
8
6
9
1

1364
-1
1.06718
66396
3
0
18
6
3
0
18
6
1
0
3
17
3
0
5
17
5
18
3
1
0
0
17
0
0
2
17
2
18
3
1
18
6
1
0
3
17
3
0
5
17
5
18
3
1
0
0
17
0
0
2
17
2
18
3
1

323
-1
0.834371
135
7
2
6
6
7
2
6
6
1
3
0
5
0
3
5
5
5
3
6
1
0
0
2
0
0
5
2
5
3
6
0
6
6
1
3
0
5
0
3
5
5
5
3
6
1
0
0
2
0
0
5
2
5
3
6
0

540
1
0.754507
38038
15
9
6
13
15
9
6
13
1
0
6
5
6
0
12
5
12
6
7
1
0
0
5
0
0
5
5
5
6
6
1
6
13
1
0
6
5
6
0
12
5
12
6
7
1
0
0
5
0
0
5
5
5
6
6
1

396
-1
0.716502
143298
2
17
7
7
2
17
7
7
2
3
0
6
0
3
2
6
2
4
3
0
3
2
3
0
6
2
6
3
4
2
0
0
2
0
0
2
2
2
3
3
3
3
6
3
3
6
6
6
4
4
4
7
7
2
3
0
6
0
3
2
6
2
4
3
0
3
2
3
0
6
2
6
3
4
2
0
0
2
0
0
2
2
2
3
3
3
3
6
3
3
6
6
6
4
4
4

952
1
0.780862
46339
6
0
9
7
6
0
9
7
1
0
3
8
3
0
6
8
6
9
4
1
0
0
8
0
0
2
8
2
9
3
1
9
7
1
0
3
8
3
0
6
8
6
9
4
1
0
0
8
0
0
2
8
2
9
3
1

1297
-1
0.721495
4659
6
0
7
9
6
0
7
9
1
3
0
6
0
3
8
6
8
4
9
1
0
0
2
0
0
8
2
8
3
9
0
7
9
1
3
0
6
0
3
8
6
8
4
9
1
0
0
2
0
0
8
2
8
3
9
0

635
1
0.752274
29367
6
1
17
7
6
1
17
7
1
8
0
16
0
8
6
16
6
9
7
1
0
0
7
0
0
6
7
6
8
7
0
17
7
1
8
0
16
0
8
6
16
6
9
7
1
0
0
7
0
0
6
7
6
8
7
0

557
1
0.639655
37388
3
10
6
11
3
10
6
11
1
0
5
5
5
0
10
5
10
6
6
1
0
0
5
0
0
4
5
4
6
5
1
6
11
1
0
5
5
5
0
10
5
10
6
6
1
0
0
5
0
0
4
5
4
6
5
1

1321
-1
0.691557
37549
15
3
6
11
15
3
6
11
1
0
5
5
5
0
10
5
10
6
6
1
0
0
5
0
0
4
5
4
6
5
1
6
11
1
0
5
5
5
0
10
5
10
6
6
1
0
0
5
0
0
4
5
4
6
5
1

1231
1
0.676359
61082
0
0
14
20
0
0
14
20
1
0
10
13
10
0
19
13
19
14
10
1
0
0
13
0
0
9
13
9
14
10
1
14
20
1
0
10
13
10
0
19
13
19
14
10
1
0
0
13
0
0
9
13
9
14
10
1

542
-1
0.597017
1329
18
15
6
9
18
15
6
9
1
3
0
5
0
3
8
5
8
3
9
1
0
0
2
0
0
8
2
8
3
9
0
6
9
1
3
0
5
0
3
8
5
8
3
9
1
0
0
2
0
0
8
2
8
3
9
0

1079
-1
0.605132
37367
2
3
6
11
2
3
6
11
1
0
5
5
5
0
10
5
10
6
6
1
0
0
5
0
0
4
5
4
6
5
1
6
11
1
0
5
5
5
0
10
5
10
6
6
1
0
0
5
0
0
4
5
4
6
5
1

1687
1
0.571031
92727
6
3
13
6
6
3
13
6
2
0
0
3
0
0
5
3
5
4
6
8
0
12
0
8
5
12
5
5
6
1
4
0
8
0
4
5
8
5
5
6
2
13
6
2
0
0
3
0
0
5
3
5
4
6
8
0
12
0
8
5
12
5
5
6
1
4
0
8
0
4
5
8
5
5
6
2

1327
1
0.556413
45754
13
0
8
20
13
0
8
20
1
0
10
7
10
0
19
7
19
8
10
1
0
0
7
0
0
9
7
9
8
10
1
8
20
1
0
10
7
10
0
19
7
19
8
10
1
0
0
7
0
0
9
7
9
8
10
1

1300
-1
0.52291
10172
0
0
8
23
0
0
8
23
1
4
0
7
0
4
22
7
22
4
23
1
0
0
3
0
0
22
3
22
4
23
0
8
23
1
4
0
7
0
4
22
7
22
4
23
1
0
0
3
0
0
22
3
22
4
23
0

2873
-1
0.48708
68218
3
4
19
11
3
4
19
11
1
0
5
18
5
0
10
18
10
19
6
1
0
0
18
0
0
4
18
4
19
5
1
19
11
1
0
5
18
5
0
10
18
10
19
6
1
0
0
18
0
0
4
18
4
19
5
1

167
1
0.579152
25544
1
10
15
6
1
10
15
6
1
7
0
14
0
7
5
14
5
8
6
1
0
0
6
0
0
5
6
5
7
6
0
15
6
1
7
0
14
0
7
5
14
5
8
6
1
0
0
6
0
0
5
6
5
7
6
0

2059
1
0.544743
62379
1
11
15
13
1
11
15
13
1
0
6
14
6
0
12
14
12
15
7
1
0
0
14
0
0
5
14
5
15
6
1
15
13
1
0
6
14
6
0
12
14
12
15
7
1
0
0
14
0
0
5
14
5
15
6
1

454
-1
0.467834
35921
10
10
6
6
10
10
6
6
1
0
3
5
3
0
5
5
5
6
3
1
0
0
5
0
0
2
5
2
6
3
1
6
6
1
0
3
5
3
0
5
5
5
6
3
1
0
0
5
0
0
2
5
2
6
3
1

1851
1
0.542796
145310
2
1
20
20
2
1
20
20
2
10
0
19
0
10
9
19
9
10
10
0
10
9
10
0
19
9
19
10
10
2
0
0
9
0
0
9
9
9
10
10
10
10
19
10
10
19
19
19
10
10
4
20
20
2
10
0
19
0
10
9
19
9
10
10
0
10
9
10
0
19
9
19
10
10
2
0
0
9
0
0
9
9
9
10
10
10
10
19
10
10
19
19
19
10
10
4

