6
0.305
24
24
3
88
-1
2.59476
10123
8
0
4
8
8
0
4
8
1
2
0
3
0
2
7
3
7
2
8
1
0
0
1
0
0
7
1
7
2
8
0
4
8
1
2
0
3
0
2
7
3
7
2
8
1
0
0
1
0
0
7
1
7
2
8
0

600
-1
2.15325
77475
5
0
14
6
5
0
14
6
1
0
3
13
3
0
5
13
5
14
3
1
0
0
13
0
0
2
13
2
14
3
1
14
6
1
0
3
13
3
0
5
13
5
14
3
1
0
0
13
0
0
2
13
2
14
3
1

9713
-1
2.23492
140532
2
1
20
12
2
1
20
12
2
0
0
19
0
0
3
19
3
20
4
0
8
19
8
0
11
19
11
20
4
1
0
4
19
4
0
7
19
7
20
4
3
20
12
2
0
0
19
0
0
3
19
3
20
4
0
8
19
8
0
11
19
11
20
4
1
0
4
19
4
0
7
19
7
20
4
3

0.21
24
24
4
699
-1
2.46917
84484
1
5
20
6
1
5
20
6
1
0
3
19
3
0
5
19
5
20
3
1
0
0
19
0
0
2
19
2
20
3
1
20
6
1
0
3
19
3
0
5
19
5
20
3
1
0
0
19
0
0
2
19
2
20
3
1

36
-1
1.84481
145680
13
12
4
4
13
12
4
4
2
2
0
3
0
2
1
3
1
2
2
0
2
1
2
0
3
1
3
2
2
2
0
0
1
0
0
1
1
1
2
2
2
2
3
2
2
3
3
3
2
2
4
4
4
2
2
0
3
0
2
1
3
1
2
2
0
2
1
2
0
3
1
3
2
2
2
0
0
1
0
0
1
1
1
2
2
2
2
3
2
2
3
3
3
2
2
4

496
-1
1.64802
85626
1
0
22
4
1
0
22
4
1
0
2
21
2
0
3
21
3
22
2
1
0
0
21
0
0
1
21
1
22
2
1
22
4
1
0
2
21
2
0
3
21
3
22
2
1
0
0
21
0
0
1
21
1
22
2
1

5
-1
1.62111
141797
8
13
2
2
8
13
2
2
2
1
0
1
0
1
0
1
0
1
1
0
1
0
1
0
1
0
1
1
1
2
0
0
0
0
0
0
0
0
1
1
1
1
1
1
1
1
1
1
1
1
4
2
2
2
1
0
1
0
1
0
1
0
1
1
0
1
0
1
0
1
0
1
1
1
2
0
0
0
0
0
0
0
0
1
1
1
1
1
1
1
1
1
1
1
1
4

0.225
24
24
4
93
-1
1.80662
9032
12
2
4
5
12
2
4
5
1
2
0
3
0
2
4
3
4
2
5
1
0
0
1
0
0
4
1
4
2
5
0
4
5
1
2
0
3
0
2
4
3
4
2
5
1
0
0
1
0
0
4
1
4
2
5
0

99
-1
1.57546
148772
0
0
6
6
0
0
6
6
2
3
0
5
0
3
2
5
2
3
3
0
3
2
3
0
5
2
5
3
3
2
0
0
2
0
0
2
2
2
3
3
3
3
5
3
3
5
5
5
3
3
4
6
6
2
3
0
5
0
3
2
5
2
3
3
0
3
2
3
0
5
2
5
3
3
2
0
0
2
0
0
2
2
2
3
3
3
3
5
3
3
5
5
5
3
3
4

26
-1
1.48936
50262
12
18
3
2
12
18
3
2
1
0
1
2
1
0
1
2
1
3
1
1
0
0
2
0
0
0
2
0
3
1
1
3
2
1
0
1
2
1
0
1
2
1
3
1
1
0
0
2
0
0
0
2
0
3
1
1

6955
-1
1.63925
134060
7
0
12
12
7
0
12
12
2
0
0
11
0
0
3
11
3
12
4
0
8
11
8
0
11
11
11
12
4
1
0
4
11
4
0
7
11
7
12
4
3
12
12
2
0
0
11
0
0
3
11
3
12
4
0
8
11
8
0
11
11
11
12
4
1
0
4
11
4
0
7
11
7
12
4
3

0.305
24
24
6
1475
-1
1.6818
85250
2
4
21
8
2
4
21
8
1
0
4
20
4
0
7
20
7
21
4
1
0
0
20
0
0
3
20
3
21
4
1
21
8
1
0
4
20
4
0
7
20
7
21
4
1
0
0
20
0
0
3
20
3
21
4
1

1060
-1
1.47821
77494
6
0
14
6
6
0
14
6
1
0
3
13
3
0
5
13
5
14
3
1
0
0
13
0
0
2
13
2
14
3
1
14
6
1
0
3
13
3
0
5
13
5
14
3
1
0
0
13
0
0
2
13
2
14
3
1

36
-1
1.55803
7896
0
9
4
3
0
9
4
3
1
2
0
3
0
2
2
3
2
2
3
1
0
0
1
0
0
2
1
2
2
3
0
4
3
1
2
0
3
0
2
2
3
2
2
3
1
0
0
1
0
0
2
1
2
2
3
0

93
-1
1.4359
13821
7
4
6
2
7
4
6
2
1
3
0
5
0
3
1
5
1
3
2
1
0
0
2
0
0
1
2
1
3
2
0
6
2
1
3
0
5
0
3
1
5
1
3
2
1
0
0
2
0
0
1
2
1
3
2
0

8827
-1
1.34338
138025
4
0
16
12
4
0
16
12
2
0
0
15
0
0
3
15
3
16
4
0
8
15
8
0
11
15
11
16
4
1
0
4
15
4
0
7
15
7
16
4
3
16
12
2
0
0
15
0
0
3
15
3
16
4
0
8
15
8
0
11
15
11
16
4
1
0
4
15
4
0
7
15
7
16
4
3

42
-1
1.55432
56385
9
18
5
2
9
18
5
2
1
0
1
4
1
0
1
4
1
5
1
1
0
0
4
0
0
0
4
0
5
1
1
5
2
1
0
1
4
1
0
1
4
1
5
1
1
0
0
4
0
0
0
4
0
5
1
1

0.315
24
24
6
1136
-1
1.57319
85179
2
5
21
6
2
5
21
6
1
0
3
20
3
0
5
20
5
21
3
1
0
0
20
0
0
2
20
2
21
3
1
21
6
1
0
3
20
3
0
5
20
5
21
3
1
0
0
20
0
0
2
20
2
21
3
1

146
-1
1.44948
82439
3
2
18
2
3
2
18
2
1
0
1
17
1
0
1
17
1
18
1
1
0
0
17
0
0
0
17
0
18
1
1
18
2
1
0
1
17
1
0
1
17
1
18
1
1
0
0
17
0
0
0
17
0
18
1
1

3603
1
1.41078
84201
3
0
19
20
3
0
19
20
1
0
10
18
10
0
19
18
19
19
10
1
0
0
18
0
0
9
18
9
19
10
1
19
20
1
0
10
18
10
0
19
18
19
19
10
1
0
0
18
0
0
9
18
9
19
10
1

46
-1
1.35618
53208
3
3
4
2
3
3
4
2
1
0
1
3
1
0
1
3
1
4
1
1
0
0
3
0
0
0
3
0
4
1
1
4
2
1
0
1
3
1
0
1
3
1
4
1
1
0
0
3
0
0
0
3
0
4
1
1

52
-1
1.27374
61954
7
17
7
2
7
17
7
2
1
0
1
6
1
0
1
6
1
7
1
1
0
0
6
0
0
0
6
0
7
1
1
7
2
1
0
1
6
1
0
1
6
1
7
1
1
0
0
6
0
0
0
6
0
7
1
1

98
-1
1.22078
9603
20
13
4
6
20
13
4
6
1
2
0
3
0
2
5
3
5
2
6
1
0
0
1
0
0
5
1
5
2
6
0
4
6
1
2
0
3
0
2
5
3
5
2
6
1
0
0
1
0
0
5
1
5
2
6
0

0.385
24
24
11
168
-1
1.29194
14339
11
4
6
3
11
4
6
3
1
3
0
5
0
3
2
5
2
3
3
1
0
0
2
0
0
2
2
2
3
3
0
6
3
1
3
0
5
0
3
2
5
2
3
3
1
0
0
2
0
0
2
2
2
3
3
0

8444
-1
1.29136
137175
5
0
15
12
5
0
15
12
2
0
0
14
0
0
3
14
3
15
4
0
8
14
8
0
11
14
11
15
4
1
0
4
14
4
0
7
14
7
15
4
3
15
12
2
0
0
14
0
0
3
14
3
15
4
0
8
14
8
0
11
14
11
15
4
1
0
4
14
4
0
7
14
7
15
4
3

1040
1
1.53475
107759
5
4
15
2
5
4
15
2
2
0
0
4
0
0
1
4
1
5
2
10
0
14
0
10
1
14
1
5
2
1
5
0
9
0
5
1
9
1
5
2
2
15
2
2
0
0
4
0
0
1
4
1
5
2
10
0
14
0
10
1
14
1
5
2
1
5
0
9
0
5
1
9
1
5
2
2

39
-1
1.20179
47048
17
1
2
2
17
1
2
2
1
0
1
1
1
0
1
1
1
2
1
1
0
0
1
0
0
0
1
0
2
1
1
2
2
1
0
1
1
1
0
1
1
1
2
1
1
0
0
1
0
0
0
1
0
2
1
1

63
-1
1.12327
56408
10
18
5
2
10
18
5
2
1
0
1
4
1
0
1
4
1
5
1
1
0
0
4
0
0
0
4
0
5
1
1
5
2
1
0
1
4
1
0
1
4
1
5
1
1
0
0
4
0
0
0
4
0
5
1
1

7363
-1
1.39606
137123
1
0
15
12
1
0
15
12
2
0
0
14
0
0
3
14
3
15
4
0
8
14
8
0
11
14
11
15
4
1
0
4
14
4
0
7
14
7
15
4
3
15
12
2
0
0
14
0
0
3
14
3
15
4
0
8
14
8
0
11
14
11
15
4
1
0
4
14
4
0
7
14
7
15
4
3

96
-1
1.14056
71414
5
19
11
2
5
19
11
2
1
0
1
10
1
0
1
10
1
11
1
1
0
0
10
0
0
0
10
0
11
1
1
11
2
1
0
1
10
1
0
1
10
1
11
1
1
0
0
10
0
0
0
10
0
11
1
1

26
-1
1.09729
1822
11
4
2
4
11
4
2
4
1
1
0
1
0
1
3
1
3
1
4
1
0
0
0
0
0
3
0
3
1
4
0
2
4
1
1
0
1
0
1
3
1
3
1
4
1
0
0
0
0
0
3
0
3
1
4
0

84
-1
1.10657
14092
18
22
6
2
18
22
6
2
1
3
0
5
0
3
1
5
1
3
2
1
0
0
2
0
0
1
2
1
3
2
0
6
2
1
3
0
5
0
3
1
5
1
3
2
1
0
0
2
0
0
1
2
1
3
2
0

729
1
1.05119
58889
5
4
5
20
5
4
5
20
1
0
10
4
10
0
19
4
19
5
10
1
0
0
4
0
0
9
4
9
5
10
1
5
20
1
0
10
4
10
0
19
4
19
5
10
1
0
0
4
0
0
9
4
9
5
10
1

885
-1
1.08763
80354
2
0
16
6
2
0
16
6
1
0
3
15
3
0
5
15
5
16
3
1
0
0
15
0
0
2
15
2
16
3
1
16
6
1
0
3
15
3
0
5
15
5
16
3
1
0
0
15
0
0
2
15
2
16
3
1

