6
0.1
24
24
2
843
-1
2.04262
67724
3
5
19
6
3
5
19
6
1
0
3
18
3
0
5
18
5
19
3
1
0
0
18
0
0
2
18
2
19
3
1
19
6
1
0
3
18
3
0
5
18
5
19
3
1
0
0
18
0
0
2
18
2
19
3
1

233
-1
1.35298
210
11
1
6
6
11
1
6
6
1
3
0
5
0
3
5
5
5
3
6
1
0
0
2
0
0
5
2
5
3
6
0
6
6
1
3
0
5
0
3
5
5
5
3
6
1
0
0
2
0
0
5
2
5
3
6
0

0.2
24
24
5
4052
-1
1.60858
68038
3
4
19
9
3
4
19
9
1
0
4
18
4
0
8
18
8
19
5
1
0
0
18
0
0
3
18
3
19
4
1
19
9
1
0
4
18
4
0
8
18
8
19
5
1
0
0
18
0
0
3
18
3
19
4
1

1423
1
1.26257
48835
7
0
9
21
7
0
9
21
1
0
10
8
10
0
20
8
20
9
11
1
0
0
8
0
0
9
8
9
9
10
1
9
21
1
0
10
8
10
0
20
8
20
9
11
1
0
0
8
0
0
9
8
9
9
10
1

850
-1
1.19832
61331
5
0
15
6
5
0
15
6
1
0
3
14
3
0
5
14
5
15
3
1
0
0
14
0
0
2
14
2
15
3
1
15
6
1
0
3
14
3
0
5
14
5
15
3
1
0
0
14
0
0
2
14
2
15
3
1

460
1
1.04783
3820
12
1
7
6
12
1
7
6
1
3
0
6
0
3
5
6
5
4
6
1
0
0
2
0
0
5
2
5
3
6
0
7
6
1
3
0
6
0
3
5
6
5
4
6
1
0
0
2
0
0
5
2
5
3
6
0

2082
1
0.869425
71298
0
10
23
13
0
10
23
13
1
0
6
22
6
0
12
22
12
23
7
1
0
0
22
0
0
5
22
5
23
6
1
23
13
1
0
6
22
6
0
12
22
12
23
7
1
0
0
22
0
0
5
22
5
23
6
1

0.225
24
24
7
3755
-1
1.32493
69857
2
4
21
7
2
4
21
7
1
0
3
20
3
0
6
20
6
21
4
1
0
0
20
0
0
2
20
2
21
3
1
21
7
1
0
3
20
3
0
6
20
6
21
4
1
0
0
20
0
0
2
20
2
21
3
1

1225
1
1.20367
59831
5
0
14
9
5
0
14
9
1
0
4
13
4
0
8
13
8
14
5
1
0
0
13
0
0
3
13
3
14
4
1
14
9
1
0
4
13
4
0
8
13
8
14
5
1
0
0
13
0
0
3
13
3
14
4
1

1529
-1
1.14497
10884
5
1
9
8
5
1
9
8
1
4
0
8
0
4
7
8
7
5
8
1
0
0
3
0
0
7
3
7
4
8
0
9
8
1
4
0
8
0
4
7
8
7
5
8
1
0
0
3
0
0
7
3
7
4
8
0

620
1
0.96757
10708
11
0
9
7
11
0
9
7
1
4
0
8
0
4
6
8
6
5
7
1
0
0
3
0
0
6
3
6
4
7
0
9
7
1
4
0
8
0
4
6
8
6
5
7
1
0
0
3
0
0
6
3
6
4
7
0

2396
1
0.883535
71258
1
10
23
11
1
10
23
11
1
0
5
22
5
0
10
22
10
23
6
1
0
0
22
0
0
4
22
4
23
5
1
23
11
1
0
5
22
5
0
10
22
10
23
6
1
0
0
22
0
0
4
22
4
23
5
1

841
-1
0.957645
2933
0
7
6
17
0
7
6
17
1
3
0
5
0
3
16
5
16
3
17
1
0
0
2
0
0
16
2
16
3
17
0
6
17
1
3
0
5
0
3
16
5
16
3
17
1
0
0
2
0
0
16
2
16
3
17
0

1061
-1
0.813
61331
5
0
15
6
5
0
15
6
1
0
3
14
3
0
5
14
5
15
3
1
0
0
14
0
0
2
14
2
15
3
1
15
6
1
0
3
14
3
0
5
14
5
15
3
1
0
0
14
0
0
2
14
2
15
3
1

0.3
24
24
22
3607
-1
1.29801
67835
3
5
19
7
3
5
19
7
1
0
3
18
3
0
6
18
6
19
4
1
0
0
18
0
0
2
18
2
19
3
1
19
7
1
0
3
18
3
0
6
18
6
19
4
1
0
0
18
0
0
2
18
2
19
3
1

985
1
1.00676
38992
10
0
6
19
10
0
6
19
1
0
9
5
9
0
18
5
18
6
10
1
0
0
5
0
0
8
5
8
6
9
1
6
19
1
0
9
5
9
0
18
5
18
6
10
1
0
0
5
0
0
8
5
8
6
9
1

1364
-1
1.06718
66396
3
0
18
6
3
0
18
6
1
0
3
17
3
0
5
17
5
18
3
1
0
0
17
0
0
2
17
2
18
3
1
18
6
1
0
3
17
3
0
5
17
5
18
3
1
0
0
17
0
0
2
17
2
18
3
1

323
-1
0.834371
135
7
2
6
6
7
2
6
6
1
3
0
5
0
3
5
5
5
3
6
1
0
0
2
0
0
5
2
5
3
6
0
6
6
1
3
0
5
0
3
5
5
5
3
6
1
0
0
2
0
0
5
2
5
3
6
0

540
1
0.754507
38038
15
9
6
13
15
9
6
13
1
0
6
5
6
0
12
5
12
6
7
1
0
0
5
0
0
5
5
5
6
6
1
6
13
1
0
6
5
6
0
12
5
12
6
7
1
0
0
5
0
0
5
5
5
6
6
1

396
-1
0.716502
143298
2
17
7
7
2
17
7
7
2
3
0
6
0
3
2
6
2
4
3
0
3
2
3
0
6
2
6
3
4
2
0
0
2
0
0
2
2
2
3
3
3
3
6
3
3
6
6
6
4
4
4
7
7
2
3
0
6
0
3
2
6
2
4
3
0
3
2
3
0
6
2
6
3
4
2
0
0
2
0
0
2
2
2
3
3
3
3
6
3
3
6
6
6
4
4
4

952
1
0.780862
46339
6
0
9
7
6
0
9
7
1
0
3
8
3
0
6
8
6
9
4
1
0
0
8
0
0
2
8
2
9
3
1
9
7
1
0
3
8
3
0
6
8
6
9
4
1
0
0
8
0
0
2
8
2
9
3
1

1297
-1
0.721495
4659
6
0
7
9
6
0
7
9
1
3
0
6
0
3
8
6
8
4
9
1
0
0
2
0
0
8
2
8
3
9
0
7
9
1
3
0
6
0
3
8
6
8
4
9
1
0
0
2
0
0
8
2
8
3
9
0

635
1
0.752274
29367
6
1
17
7
6
1
17
7
1
8
0
16
0
8
6
16
6
9
7
1
0
0
7
0
0
6
7
6
8
7
0
17
7
1
8
0
16
0
8
6
16
6
9
7
1
0
0
7
0
0
6
7
6
8
7
0

557
1
0.639655
37388
3
10
6
11
3
10
6
11
1
0
5
5
5
0
10
5
10
6
6
1
0
0
5
0
0
4
5
4
6
5
1
6
11
1
0
5
5
5
0
10
5
10
6
6
1
0
0
5
0
0
4
5
4
6
5
1

1321
-1
0.691557
37549
15
3
6
11
15
3
6
11
1
0
5
5
5
0
10
5
10
6
6
1
0
0
5
0
0
4
5
4
6
5
1
6
11
1
0
5
5
5
0
10
5
10
6
6
1
0
0
5
0
0
4
5
4
6
5
1

1231
1
0.676359
61082
0
0
14
20
0
0
14
20
1
0
10
13
10
0
19
13
19
14
10
1
0
0
13
0
0
9
13
9
14
10
1
14
20
1
0
10
13
10
0
19
13
19
14
10
1
0
0
13
0
0
9
13
9
14
10
1

542
-1
0.597017
1329
18
15
6
9
18
15
6
9
1
3
0
5
0
3
8
5
8
3
9
1
0
0
2
0
0
8
2
8
3
9
0
6
9
1
3
0
5
0
3
8
5
8
3
9
1
0
0
2
0
0
8
2
8
3
9
0

1079
-1
0.605132
37367
2
3
6
11
2
3
6
11
1
0
5
5
5
0
10
5
10
6
6
1
0
0
5
0
0
4
5
4
6
5
1
6
11
1
0
5
5
5
0
10
5
10
6
6
1
0
0
5
0
0
4
5
4
6
5
1

1687
1
0.571031
92727
6
3
13
6
6
3
13
6
2
0
0
3
0
0
5
3
5
4
6
8
0
12
0
8
5
12
5
5
6
1
4
0
8
0
4
5
8
5
5
6
2
13
6
2
0
0
3
0
0
5
3
5
4
6
8
0
12
0
8
5
12
5
5
6
1
4
0
8
0
4
5
8
5
5
6
2

1327
1
0.556413
45754
13
0
8
20
13
0
8
20
1
0
10
7
10
0
19
7
19
8
10
1
0
0
7
0
0
9
7
9
8
10
1
8
20
1
0
10
7
10
0
19
7
19
8
10
1
0
0
7
0
0
9
7
9
8
10
1

1300
-1
0.52291
10172
0
0
8
23
0
0
8
23
1
4
0
7
0
4
22
7
22
4
23
1
0
0
3
0
0
22
3
22
4
23
0
8
23
1
4
0
7
0
4
22
7
22
4
23
1
0
0
3
0
0
22
3
22
4
23
0

2873
-1
0.48708
68218
3
4
19
11
3
4
19
11
1
0
5
18
5
0
10
18
10
19
6
1
0
0
18
0
0
4
18
4
19
5
1
19
11
1
0
5
18
5
0
10
18
10
19
6
1
0
0
18
0
0
4
18
4
19
5
1

167
1
0.579152
25544
1
10
15
6
1
10
15
6
1
7
0
14
0
7
5
14
5
8
6
1
0
0
6
0
0
5
6
5
7
6
0
15
6
1
7
0
14
0
7
5
14
5
8
6
1
0
0
6
0
0
5
6
5
7
6
0

2059
1
0.544743
62379
1
11
15
13
1
11
15
13
1
0
6
14
6
0
12
14
12
15
7
1
0
0
14
0
0
5
14
5
15
6
1
15
13
1
0
6
14
6
0
12
14
12
15
7
1
0
0
14
0
0
5
14
5
15
6
1

454
-1
0.467834
35921
10
10
6
6
10
10
6
6
1
0
3
5
3
0
5
5
5
6
3
1
0
0
5
0
0
2
5
2
6
3
1
6
6
1
0
3
5
3
0
5
5
5
6
3
1
0
0
5
0
0
2
5
2
6
3
1

1851
1
0.542796
145310
2
1
20
20
2
1
20
20
2
10
0
19
0
10
9
19
9
10
10
0
10
9
10
0
19
9
19
10
10
2
0
0
9
0
0
9
9
9
10
10
10
10
19
10
10
19
19
19
10
10
4
20
20
2
10
0
19
0
10
9
19
9
10
10
0
10
9
10
0
19
9
19
10
10
2
0
0
9
0
0
9
9
9
10
10
10
10
19
10
10
19
19
19
10
10
4

0.3
24
24
17
1477
-1
1.158
36799
3
4
6
9
3
4
6
9
1
0
4
5
4
0
8
5
8
6
5
1
0
0
5
0
0
3
5
3
6
4
1
6
9
1
0
4
5
4
0
8
5
8
6
5
1
0
0
5
0
0
3
5
3
6
4
1

1424
1
0.924829
38980
8
0
6
19
8
0
6
19
1
0
9
5
9
0
18
5
18
6
10
1
0
0
5
0
0
8
5
8
6
9
1
6
19
1
0
9
5
9
0
18
5
18
6
10
1
0
0
5
0
0
8
5
8
6
9
1

1355
-1
0.953093
61331
5
0
15
6
5
0
15
6
1
0
3
14
3
0
5
14
5
15
3
1
0
0
14
0
0
2
14
2
15
3
1
15
6
1
0
3
14
3
0
5
14
5
15
3
1
0
0
14
0
0
2
14
2
15
3
1

1431
-1
0.78425
37007
16
4
6
9
16
4
6
9
1
0
4
5
4
0
8
5
8
6
5
1
0
0
5
0
0
3
5
3
6
4
1
6
9
1
0
4
5
4
0
8
5
8
6
5
1
0
0
5
0
0
3
5
3
6
4
1

548
1
0.751467
10985
11
0
9
8
11
0
9
8
1
4
0
8
0
4
7
8
7
5
8
1
0
0
3
0
0
7
3
7
4
8
0
9
8
1
4
0
8
0
4
7
8
7
5
8
1
0
0
3
0
0
7
3
7
4
8
0

3427
1
0.713715
71427
0
3
23
21
0
3
23
21
1
0
10
22
10
0
20
22
20
23
11
1
0
0
22
0
0
9
22
9
23
10
1
23
21
1
0
10
22
10
0
20
22
20
23
11
1
0
0
22
0
0
9
22
9
23
10
1

653
-1
0.712255
2366
0
10
6
14
0
10
6
14
1
3
0
5
0
3
13
5
13
3
14
1
0
0
2
0
0
13
2
13
3
14
0
6
14
1
3
0
5
0
3
13
5
13
3
14
1
0
0
2
0
0
13
2
13
3
14
0

1296
-1
0.636353
4377
7
1
7
8
7
1
7
8
1
3
0
6
0
3
7
6
7
4
8
1
0
0
2
0
0
7
2
7
3
8
0
7
8
1
3
0
6
0
3
7
6
7
4
8
1
0
0
2
0
0
7
2
7
3
8
0

757
1
0.722901
43163
7
0
8
7
7
0
8
7
1
0
3
7
3
0
6
7
6
8
4
1
0
0
7
0
0
2
7
2
8
3
1
8
7
1
0
3
7
3
0
6
7
6
8
4
1
0
0
7
0
0
2
7
2
8
3
1

1452
-1
0.595094
3589
18
0
6
23
18
0
6
23
1
3
0
5
0
3
22
5
22
3
23
1
0
0
2
0
0
22
2
22
3
23
0
6
23
1
3
0
5
0
3
22
5
22
3
23
1
0
0
2
0
0
22
2
22
3
23
0

3203
-1
0.612265
69280
4
3
20
11
4
3
20
11
1
0
5
19
5
0
10
19
10
20
6
1
0
0
19
0
0
4
19
4
20
5
1
20
11
1
0
5
19
5
0
10
19
10
20
6
1
0
0
19
0
0
4
19
4
20
5
1

536
1
0.619753
38782
16
7
6
17
16
7
6
17
1
0
8
5
8
0
16
5
16
6
9
1
0
0
5
0
0
7
5
7
6
8
1
6
17
1
0
8
5
8
0
16
5
16
6
9
1
0
0
5
0
0
7
5
7
6
8
1

318
-1
0.582258
143316
3
17
7
7
3
17
7
7
2
3
0
6
0
3
2
6
2
4
3
0
3
2
3
0
6
2
6
3
4
2
0
0
2
0
0
2
2
2
3
3
3
3
6
3
3
6
6
6
4
4
4
7
7
2
3
0
6
0
3
2
6
2
4
3
0
3
2
3
0
6
2
6
3
4
2
0
0
2
0
0
2
2
2
3
3
3
3
6
3
3
6
6
6
4
4
4

719
1
0.520442
36789
2
10
6
9
2
10
6
9
1
0
4
5
4
0
8
5
8
6
5
1
0
0
5
0
0
3
5
3
6
4
1
6
9
1
0
4
5
4
0
8
5
8
6
5
1
0
0
5
0
0
3
5
3
6
4
1

74
1
0.543527
43752
7
8
8
9
7
8
8
9
1
0
4
7
4
0
8
7
8
8
5
1
0
0
7
0
0
3
7
3
8
4
1
8
9
1
0
4
7
4
0
8
7
8
8
5
1
0
0
7
0
0
3
7
3
8
4
1

2119
-1
0.600494
65021
2
6
17
7
2
6
17
7
1
0
3
16
3
0
6
16
6
17
4
1
0
0
16
0
0
2
16
2
17
3
1
17
7
1
0
3
16
3
0
6
16
6
17
4
1
0
0
16
0
0
2
16
2
17
3
1

553
1
0.556176
21216
2
10
13
6
2
10
13
6
1
6
0
12
0
6
5
12
5
7
6
1
0
0
5
0
0
5
5
5
6
6
0
13
6
1
6
0
12
0
6
5
12
5
7
6
1
0
0
5
0
0
5
5
5
6
6
0

0.425
24
24
86
3852
-1
1.15477
118594
7
0
9
10
7
0
9
10
2
0
0
8
0
0
2
8
2
9
3
0
6
8
6
0
9
8
9
9
4
1
0
3
8
3
0
6
8
6
9
4
3
9
10
2
0
0
8
0
0
2
8
2
9
3
0
6
8
6
0
9
8
9
9
4
1
0
3
8
3
0
6
8
6
9
4
3

3113
1
0.888743
98925
4
2
16
6
4
2
16
6
2
0
0
4
0
0
5
4
5
5
6
10
0
15
0
10
5
15
5
6
6
1
5
0
10
0
5
5
10
5
6
6
2
16
6
2
0
0
4
0
0
5
4
5
5
6
10
0
15
0
10
5
15
5
6
6
1
5
0
10
0
5
5
10
5
6
6
2

558
-1
0.836311
35816
5
0
6
6
5
0
6
6
1
0
3
5
3
0
5
5
5
6
3
1
0
0
5
0
0
2
5
2
6
3
1
6
6
1
0
3
5
3
0
5
5
5
6
3
1
0
0
5
0
0
2
5
2
6
3
1

447
-1
0.693211
143250
0
5
7
7
0
5
7
7
2
3
0
6
0
3
2
6
2
4
3
0
3
2
3
0
6
2
6
3
4
2
0
0
2
0
0
2
2
2
3
3
3
3
6
3
3
6
6
6
4
4
4
7
7
2
3
0
6
0
3
2
6
2
4
3
0
3
2
3
0
6
2
6
3
4
2
0
0
2
0
0
2
2
2
3
3
3
3
6
3
3
6
6
6
4
4
4

1566
1
0.759532
54251
3
0
11
20
3
0
11
20
1
0
10
10
10
0
19
10
19
11
10
1
0
0
10
0
0
9
10
9
11
10
1
11
20
1
0
10
10
10
0
19
10
19
11
10
1
0
0
10
0
0
9
10
9
11
10
1

975
-1
0.635211
144483
10
4
11
11
10
4
11
11
2
5
0
10
0
5
4
10
4
6
5
0
5
4
5
0
10
4
10
5
6
2
0
0
4
0
0
4
4
4
5
5
5
5
10
5
5
10
10
10
6
6
4
11
11
2
5
0
10
0
5
4
10
4
6
5
0
5
4
5
0
10
4
10
5
6
2
0
0
4
0
0
4
4
4
5
5
5
5
10
5
5
10
10
10
6
6
4

785
1
0.626805
41048
14
10
7
11
14
10
7
11
1
0
5
6
5
0
10
6
10
7
6
1
0
0
6
0
0
4
6
4
7
5
1
7
11
1
0
5
6
5
0
10
6
10
7
6
1
0
0
6
0
0
4
6
4
7
5
1

405
-1
0.598503
143298
2
17
7
7
2
17
7
7
2
3
0
6
0
3
2
6
2
4
3
0
3
2
3
0
6
2
6
3
4
2
0
0
2
0
0
2
2
2
3
3
3
3
6
3
3
6
6
6
4
4
4
7
7
2
3
0
6
0
3
2
6
2
4
3
0
3
2
3
0
6
2
6
3
4
2
0
0
2
0
0
2
2
2
3
3
3
3
6
3
3
6
6
6
4
4
4

1114
-1
0.601313
37007
16
4
6
9
16
4
6
9
1
0
4
5
4
0
8
5
8
6
5
1
0
0
5
0
0
3
5
3
6
4
1
6
9
1
0
4
5
4
0
8
5
8
6
5
1
0
0
5
0
0
3
5
3
6
4
1

408
1
0.643089
51631
11
0
10
20
11
0
10
20
1
0
10
9
10
0
19
9
19
10
10
1
0
0
9
0
0
9
9
9
10
10
1
10
20
1
0
10
9
10
0
19
9
19
10
10
1
0
0
9
0
0
9
9
9
10
10
1

1048
1
0.600253
43760
8
0
8
9
8
0
8
9
1
0
4
7
4
0
8
7
8
8
5
1
0
0
7
0
0
3
7
3
8
4
1
8
9
1
0
4
7
4
0
8
7
8
8
5
1
0
0
7
0
0
3
7
3
8
4
1

1253
-1
0.573661
10901
6
1
9
8
6
1
9
8
1
4
0
8
0
4
7
8
7
5
8
1
0
0
3
0
0
7
3
7
4
8
0
9
8
1
4
0
8
0
4
7
8
7
5
8
1
0
0
3
0
0
7
3
7
4
8
0

238
1
0.638659
21302
7
1
13
6
7
1
13
6
1
6
0
12
0
6
5
12
5
7
6
1
0
0
5
0
0
5
5
5
6
6
0
13
6
1
6
0
12
0
6
5
12
5
7
6
1
0
0
5
0
0
5
5
5
6
6
0

998
1
0.555558
41374
3
10
7
13
3
10
7
13
1
0
6
6
6
0
12
6
12
7
7
1
0
0
6
0
0
5
6
5
7
6
1
7
13
1
0
6
6
6
0
12
6
12
7
7
1
0
0
6
0
0
5
6
5
7
6
1

550
-1
0.556613
39493
9
10
7
6
9
10
7
6
1
0
3
6
3
0
5
6
5
7
3
1
0
0
6
0
0
2
6
2
7
3
1
7
6
1
0
3
6
3
0
5
6
5
7
3
1
0
0
6
0
0
2
6
2
7
3
1

1024
-1
0.540438
36767
1
4
6
9
1
4
6
9
1
0
4
5
4
0
8
5
8
6
5
1
0
0
5
0
0
3
5
3
6
4
1
6
9
1
0
4
5
4
0
8
5
8
6
5
1
0
0
5
0
0
3
5
3
6
4
1

474
-1
0.530106
360
18
18
6
6
18
18
6
6
1
3
0
5
0
3
5
5
5
3
6
1
0
0
2
0
0
5
2
5
3
6
0
6
6
1
3
0
5
0
3
5
5
5
3
6
1
0
0
2
0
0
5
2
5
3
6
0

600
1
0.539087
37723
9
4
6
12
9
4
6
12
1
0
6
5
6
0
11
5
11
6
6
1
0
0
5
0
0
5
5
5
6
6
1
6
12
1
0
6
5
6
0
11
5
11
6
6
1
0
0
5
0
0
5
5
5
6
6
1

691
1
0.509299
23930
5
2
14
8
5
2
14
8
1
7
0
13
0
7
7
13
7
7
8
1
0
0
6
0
0
7
6
7
7
8
0
14
8
1
7
0
13
0
7
7
13
7
7
8
1
0
0
6
0
0
7
6
7
7
8
0

250
-1
0.489209
135
7
2
6
6
7
2
6
6
1
3
0
5
0
3
5
5
5
3
6
1
0
0
2
0
0
5
2
5
3
6
0
6
6
1
3
0
5
0
3
5
5
5
3
6
1
0
0
2
0
0
5
2
5
3
6
0

1788
-1
0.491559
3553
0
0
6
23
0
0
6
23
1
3
0
5
0
3
22
5
22
3
23
1
0
0
2
0
0
22
2
22
3
23
0
6
23
1
3
0
5
0
3
22
5
22
3
23
1
0
0
2
0
0
22
2
22
3
23
0

1581
1
0.475824
58071
11
8
13
11
11
8
13
11
1
0
5
12
5
0
10
12
10
13
6
1
0
0
12
0
0
4
12
4
13
5
1
13
11
1
0
5
12
5
0
10
12
10
13
6
1
0
0
12
0
0
4
12
4
13
5
1

2140
-1
0.450634
54810
7
5
12
7
7
5
12
7
1
0
3
11
3
0
6
11
6
12
4
1
0
0
11
0
0
2
11
2
12
3
1
12
7
1
0
3
11
3
0
6
11
6
12
4
1
0
0
11
0
0
2
11
2
12
3
1

671
1
0.500186
16133
3
11
11
6
3
11
11
6
1
5
0
10
0
5
5
10
5
6
6
1
0
0
4
0
0
5
4
5
5
6
0
11
6
1
5
0
10
0
5
5
10
5
6
6
1
0
0
4
0
0
5
4
5
5
6
0

1673
-1
0.463604
25533
0
18
15
6
0
18
15
6
1
7
0
14
0
7
5
14
5
8
6
1
0
0
6
0
0
5
6
5
7
6
0
15
6
1
7
0
14
0
7
5
14
5
8
6
1
0
0
6
0
0
5
6
5
7
6
0

1909
1
0.463945
145309
2
0
20
20
2
0
20
20
2
10
0
19
0
10
9
19
9
10
10
0
10
9
10
0
19
9
19
10
10
2
0
0
9
0
0
9
9
9
10
10
10
10
19
10
10
19
19
19
10
10
4
20
20
2
10
0
19
0
10
9
19
9
10
10
0
10
9
10
0
19
9
19
10
10
2
0
0
9
0
0
9
9
9
10
10
10
10
19
10
10
19
19
19
10
10
4

292
1
0.466701
57917
0
8
13
11
0
8
13
11
1
0
5
12
5
0
10
12
10
13
6
1
0
0
12
0
0
4
12
4
13
5
1
13
11
1
0
5
12
5
0
10
12
10
13
6
1
0
0
12
0
0
4
12
4
13
5
1

2866
-1
0.482899
110007
9
8
6
16
9
8
6
16
2
0
0
5
0
0
4
5
4
6
5
0
10
5
10
0
15
5
15
6
6
1
0
5
5
5
0
10
5
10
6
6
3
6
16
2
0
0
5
0
0
4
5
4
6
5
0
10
5
10
0
15
5
15
6
6
1
0
5
5
5
0
10
5
10
6
6
3

396
1
0.47624
46919
8
0
9
9
8
0
9
9
1
0
4
8
4
0
8
8
8
9
5
1
0
0
8
0
0
3
8
3
9
4
1
9
9
1
0
4
8
4
0
8
8
8
9
5
1
0
0
8
0
0
3
8
3
9
4
1

636
1
0.436078
10416
11
1
9
6
11
1
9
6
1
4
0
8
0
4
5
8
5
5
6
1
0
0
3
0
0
5
3
5
4
6
0
9
6
1
4
0
8
0
4
5
8
5
5
6
1
0
0
3
0
0
5
3
5
4
6
0

205
-1
0.39468
39538
11
17
7
6
11
17
7
6
1
0
3
6
3
0
5
6
5
7
3
1
0
0
6
0
0
2
6
2
7
3
1
7
6
1
0
3
6
3
0
5
6
5
7
3
1
0
0
6
0
0
2
6
2
7
3
1

1132
1
0.438247
69415
4
11
20
13
4
11
20
13
1
0
6
19
6
0
12
19
12
20
7
1
0
0
19
0
0
5
19
5
20
6
1
20
13
1
0
6
19
6
0
12
19
12
20
7
1
0
0
19
0
0
5
19
5
20
6
1

2858
-1
0.437276
71105
0
3
23
7
0
3
23
7
1
0
3
22
3
0
6
22
6
23
4
1
0
0
22
0
0
2
22
2
23
3
1
23
7
1
0
3
22
3
0
6
22
6
23
4
1
0
0
22
0
0
2
22
2
23
3
1

51
1
0.465716
38313
2
7
6
15
2
7
6
15
1
0
7
5
7
0
14
5
14
6
8
1
0
0
5
0
0
6
5
6
6
7
1
6
15
1
0
7
5
7
0
14
5
14
6
8
1
0
0
5
0
0
6
5
6
6
7
1

1002
1
0.527437
39780
7
0
7
7
7
0
7
7
1
0
3
6
3
0
6
6
6
7
4
1
0
0
6
0
0
2
6
2
7
3
1
7
7
1
0
3
6
3
0
6
6
6
7
4
1
0
0
6
0
0
2
6
2
7
3
1

1234
-1
0.412588
10582
4
0
9
7
4
0
9
7
1
4
0
8
0
4
6
8
6
5
7
1
0
0
3
0
0
6
3
6
4
7
0
9
7
1
4
0
8
0
4
6
8
6
5
7
1
0
0
3
0
0
6
3
6
4
7
0

850
1
0.410802
10251
2
7
9
6
2
7
9
6
1
4
0
8
0
4
5
8
5
5
6
1
0
0
3
0
0
5
3
5
4
6
0
9
6
1
4
0
8
0
4
5
8
5
5
6
1
0
0
3
0
0
5
3
5
4
6
0

1263
-1
0.409479
10206
0
0
9
6
0
0
9
6
1
4
0
8
0
4
5
8
5
5
6
1
0
0
3
0
0
5
3
5
4
6
0
9
6
1
4
0
8
0
4
5
8
5
5
6
1
0
0
3
0
0
5
3
5
4
6
0

241
1
0.425202
143307
3
8
7
7
3
8
7
7
2
3
0
6
0
3
2
6
2
4
3
0
3
2
3
0
6
2
6
3
4
2
0
0
2
0
0
2
2
2
3
3
3
3
6
3
3
6
6
6
4
4
4
7
7
2
3
0
6
0
3
2
6
2
4
3
0
3
2
3
0
6
2
6
3
4
2
0
0
2
0
0
2
2
2
3
3
3
3
6
3
3
6
6
6
4
4
4

396
-1
0.411119
2344
18
0
6
13
18
0
6
13
1
3
0
5
0
3
12
5
12
3
13
1
0
0
2
0
0
12
2
12
3
13
0
6
13
1
3
0
5
0
3
12
5
12
3
13
1
0
0
2
0
0
12
2
12
3
13
0

184
1
0.399896
143556
17
5
7
7
17
5
7
7
2
3
0
6
0
3
2
6
2
4
3
0
3
2
3
0
6
2
6
3
4
2
0
0
2
0
0
2
2
2
3
3
3
3
6
3
3
6
6
6
4
4
4
7
7
2
3
0
6
0
3
2
6
2
4
3
0
3
2
3
0
6
2
6
3
4
2
0
0
2
0
0
2
2
2
3
3
3
3
6
3
3
6
6
6
4
4
4

826
-1
0.429218
65213
5
5
17
8
5
5
17
8
1
0
4
16
4
0
7
16
7
17
4
1
0
0
16
0
0
3
16
3
17
4
1
17
8
1
0
4
16
4
0
7
16
7
17
4
1
0
0
16
0
0
3
16
3
17
4
1

119
1
0.435818
4276
1
2
7
8
1
2
7
8
1
3
0
6
0
3
7
6
7
4
8
1
0
0
2
0
0
7
2
7
3
8
0
7
8
1
3
0
6
0
3
7
6
7
4
8
1
0
0
2
0
0
7
2
7
3
8
0

1286
-1
0.464107
111258
9
0
7
7
9
0
7
7
2
0
0
6
0
0
1
6
1
7
2
0
4
6
4
0
6
6
6
7
3
1
0
2
6
2
0
4
6
4
7
3
3
7
7
2
0
0
6
0
0
1
6
1
7
2
0
4
6
4
0
6
6
6
7
3
1
0
2
6
2
0
4
6
4
7
3
3

794
1
0.432914
145241
3
6
18
18
3
6
18
18
2
9
0
17
0
9
8
17
8
9
9
0
9
8
9
0
17
8
17
9
9
2
0
0
8
0
0
8
8
8
9
9
9
9
17
9
9
17
17
17
9
9
4
18
18
2
9
0
17
0
9
8
17
8
9
9
0
9
8
9
0
17
8
17
9
9
2
0
0
8
0
0
8
8
8
9
9
9
9
17
9
9
17
17
17
9
9
4

3217
-1
0.396
35540
1
13
23
11
1
13
23
11
1
11
0
22
0
11
10
22
10
12
11
1
0
0
10
0
0
10
10
10
11
11
0
23
11
1
11
0
22
0
11
10
22
10
12
11
1
0
0
10
0
0
10
10
10
11
11
0

9576
1
0.46299
87475
14
1
10
22
14
1
10
22
2
0
0
2
0
0
21
2
21
3
22
6
0
9
0
6
21
9
21
4
22
1
3
0
6
0
3
21
6
21
4
22
2
10
22
2
0
0
2
0
0
21
2
21
3
22
6
0
9
0
6
21
9
21
4
22
1
3
0
6
0
3
21
6
21
4
22
2

83
1
0.411106
64228
7
10
16
13
7
10
16
13
1
0
6
15
6
0
12
15
12
16
7
1
0
0
15
0
0
5
15
5
16
6
1
16
13
1
0
6
15
6
0
12
15
12
16
7
1
0
0
15
0
0
5
15
5
16
6
1

2710
-1
0.481952
67852
4
4
19
7
4
4
19
7
1
0
3
18
3
0
6
18
6
19
4
1
0
0
18
0
0
2
18
2
19
3
1
19
7
1
0
3
18
3
0
6
18
6
19
4
1
0
0
18
0
0
2
18
2
19
3
1

178
1
0.387708
143323
4
6
7
7
4
6
7
7
2
3
0
6
0
3
2
6
2
4
3
0
3
2
3
0
6
2
6
3
4
2
0
0
2
0
0
2
2
2
3
3
3
3
6
3
3
6
6
6
4
4
4
7
7
2
3
0
6
0
3
2
6
2
4
3
0
3
2
3
0
6
2
6
3
4
2
0
0
2
0
0
2
2
2
3
3
3
3
6
3
3
6
6
6
4
4
4

272
-1
0.383945
1344
0
14
6
10
0
14
6
10
1
3
0
5
0
3
9
5
9
3
10
1
0
0
2
0
0
9
2
9
3
10
0
6
10
1
3
0
5
0
3
9
5
9
3
10
1
0
0
2
0
0
9
2
9
3
10
0

264
1
0.403155
42730
0
16
8
6
0
16
8
6
1
0
3
7
3
0
5
7
5
8
3
1
0
0
7
0
0
2
7
2
8
3
1
8
6
1
0
3
7
3
0
5
7
5
8
3
1
0
0
7
0
0
2
7
2
8
3
1

419
-1
0.397993
143857
16
16
8
8
16
16
8
8
2
4
0
7
0
4
3
7
3
4
4
0
4
3
4
0
7
3
7
4
4
2
0
0
3
0
0
3
3
3
4
4
4
4
7
4
4
7
7
7
4
4
4
8
8
2
4
0
7
0
4
3
7
3
4
4
0
4
3
4
0
7
3
7
4
4
2
0
0
3
0
0
3
3
3
4
4
4
4
7
4
4
7
7
7
4
4
4

1080
1
0.361212
20359
3
3
12
14
3
3
12
14
1
6
0
11
0
6
13
11
13
6
14
1
0
0
5
0
0
13
5
13
6
14
0
12
14
1
6
0
11
0
6
13
11
13
6
14
1
0
0
5
0
0
13
5
13
6
14
0

379
-1
0.40294
507
8
2
6
7
8
2
6
7
1
3
0
5
0
3
6
5
6
3
7
1
0
0
2
0
0
6
2
6
3
7
0
6
7
1
3
0
5
0
3
6
5
6
3
7
1
0
0
2
0
0
6
2
6
3
7
0

503
1
0.365351
42509
9
2
7
20
9
2
7
20
1
0
10
6
10
0
19
6
19
7
10
1
0
0
6
0
0
9
6
9
7
10
1
7
20
1
0
10
6
10
0
19
6
19
7
10
1
0
0
6
0
0
9
6
9
7
10
1

727
1
0.377179
36806
3
11
6
9
3
11
6
9
1
0
4
5
4
0
8
5
8
6
5
1
0
0
5
0
0
3
5
3
6
4
1
6
9
1
0
4
5
4
0
8
5
8
6
5
1
0
0
5
0
0
3
5
3
6
4
1

1220
-1
0.401449
46392
8
17
9
7
8
17
9
7
1
0
3
8
3
0
6
8
6
9
4
1
0
0
8
0
0
2
8
2
9
3
1
9
7
1
0
3
8
3
0
6
8
6
9
4
1
0
0
8
0
0
2
8
2
9
3
1

499
-1
0.352331
46136
11
0
9
6
11
0
9
6
1
0
3
8
3
0
5
8
5
9
3
1
0
0
8
0
0
2
8
2
9
3
1
9
6
1
0
3
8
3
0
5
8
5
9
3
1
0
0
8
0
0
2
8
2
9
3
1

192
1
0.356422
39650
17
15
7
6
17
15
7
6
1
0
3
6
3
0
5
6
5
7
3
1
0
0
6
0
0
2
6
2
7
3
1
7
6
1
0
3
6
3
0
5
6
5
7
3
1
0
0
6
0
0
2
6
2
7
3
1

197
1
0.360195
50267
2
13
10
11
2
13
10
11
1
0
5
9
5
0
10
9
10
10
6
1
0
0
9
0
0
4
9
4
10
5
1
10
11
1
0
5
9
5
0
10
9
10
10
6
1
0
0
9
0
0
4
9
4
10
5
1

1158
-1
0.453203
5205
6
0
7
11
6
0
7
11
1
3
0
6
0
3
10
6
10
4
11
1
0
0
2
0
0
10
2
10
3
11
0
7
11
1
3
0
6
0
3
10
6
10
4
11
1
0
0
2
0
0
10
2
10
3
11
0

2164
1
0.37752
108371
11
6
6
9
11
6
6
9
2
0
0
5
0
0
2
5
2
6
3
0
6
5
6
0
8
5
8
6
3
1
0
3
5
3
0
5
5
5
6
3
3
6
9
2
0
0
5
0
0
2
5
2
6
3
0
6
5
6
0
8
5
8
6
3
1
0
3
5
3
0
5
5
5
6
3
3

182
1
0.362376
25849
8
0
15
7
8
0
15
7
1
7
0
14
0
7
6
14
6
8
7
1
0
0
6
0
0
6
6
6
7
7
0
15
7
1
7
0
14
0
7
6
14
6
8
7
1
0
0
6
0
0
6
6
6
7
7
0

2125
-1
0.424355
61796
1
4
15
9
1
4
15
9
1
0
4
14
4
0
8
14
8
15
5
1
0
0
14
0
0
3
14
3
15
4
1
15
9
1
0
4
14
4
0
8
14
8
15
5
1
0
0
14
0
0
3
14
3
15
4
1

459
1
0.408337
38980
8
0
6
19
8
0
6
19
1
0
9
5
9
0
18
5
18
6
10
1
0
0
5
0
0
8
5
8
6
9
1
6
19
1
0
9
5
9
0
18
5
18
6
10
1
0
0
5
0
0
8
5
8
6
9
1

72
-1
0.36404
143226
18
0
6
6
18
0
6
6
2
3
0
5
0
3
2
5
2
3
3
0
3
2
3
0
5
2
5
3
3
2
0
0
2
0
0
2
2
2
3
3
3
3
5
3
3
5
5
5
3
3
4
6
6
2
3
0
5
0
3
2
5
2
3
3
0
3
2
3
0
5
2
5
3
3
2
0
0
2
0
0
2
2
2
3
3
3
3
5
3
3
5
5
5
3
3
4

727
1
0.329381
37050
18
15
6
9
18
15
6
9
1
0
4
5
4
0
8
5
8
6
5
1
0
0
5
0
0
3
5
3
6
4
1
6
9
1
0
4
5
4
0
8
5
8
6
5
1
0
0
5
0
0
3
5
3
6
4
1

417
1
0.35181
24618
7
2
14
12
7
2
14
12
1
7
0
13
0
7
11
13
11
7
12
1
0
0
6
0
0
11
6
11
7
12
0
14
12
1
7
0
13
0
7
11
13
11
7
12
1
0
0
6
0
0
11
6
11
7
12
0

1558
-1
0.385667
31631
6
8
18
15
6
8
18
15
1
9
0
17
0
9
14
17
14
9
15
1
0
0
8
0
0
14
8
14
9
15
0
18
15
1
9
0
17
0
9
14
17
14
9
15
1
0
0
8
0
0
14
8
14
9
15
0

330
1
0.345538
143414
9
7
7
7
9
7
7
7
2
3
0
6
0
3
2
6
2
4
3
0
3
2
3
0
6
2
6
3
4
2
0
0
2
0
0
2
2
2
3
3
3
3
6
3
3
6
6
6
4
4
4
7
7
2
3
0
6
0
3
2
6
2
4
3
0
3
2
3
0
6
2
6
3
4
2
0
0
2
0
0
2
2
2
3
3
3
3
6
3
3
6
6
6
4
4
4

74
1
0.386165
41503
14
7
7
13
14
7
7
13
1
0
6
6
6
0
12
6
12
7
7
1
0
0
6
0
0
5
6
5
7
6
1
7
13
1
0
6
6
6
0
12
6
12
7
7
1
0
0
6
0
0
5
6
5
7
6
1

2190
-1
0.441422
70597
2
7
22
7
2
7
22
7
1
0
3
21
3
0
6
21
6
22
4
1
0
0
21
0
0
2
21
2
22
3
1
22
7
1
0
3
21
3
0
6
21
6
22
4
1
0
0
21
0
0
2
21
2
22
3
1

339
-1
0.341326
193
10
3
6
6
10
3
6
6
1
3
0
5
0
3
5
5
5
3
6
1
0
0
2
0
0
5
2
5
3
6
0
6
6
1
3
0
5
0
3
5
5
5
3
6
1
0
0
2
0
0
5
2
5
3
6
0

1246
1
0.35567
145310
2
1
20
20
2
1
20
20
2
10
0
19
0
10
9
19
9
10
10
0
10
9
10
0
19
9
19
10
10
2
0
0
9
0
0
9
9
9
10
10
10
10
19
10
10
19
19
19
10
10
4
20
20
2
10
0
19
0
10
9
19
9
10
10
0
10
9
10
0
19
9
19
10
10
2
0
0
9
0
0
9
9
9
10
10
10
10
19
10
10
19
19
19
10
10
4

521
1
0.338463
17225
12
0
11
10
12
0
11
10
1
5
0
10
0
5
9
10
9
6
10
1
0
0
4
0
0
9
4
9
5
10
0
11
10
1
5
0
10
0
5
9
10
9
6
10
1
0
0
4
0
0
9
4
9
5
10
0

611
-1
0.352972
66419
4
4
18
6
4
4
18
6
1
0
3
17
3
0
5
17
5
18
3
1
0
0
17
0
0
2
17
2
18
3
1
18
6
1
0
3
17
3
0
5
17
5
18
3
1
0
0
17
0
0
2
17
2
18
3
1

1143
-1
0.330004
10053
0
0
8
21
0
0
8
21
1
4
0
7
0
4
20
7
20
4
21
1
0
0
3
0
0
20
3
20
4
21
0
8
21
1
4
0
7
0
4
20
7
20
4
21
1
0
0
3
0
0
20
3
20
4
21
0

138
1
0.338184
143359
6
6
7
7
6
6
7
7
2
3
0
6
0
3
2
6
2
4
3
0
3
2
3
0
6
2
6
3
4
2
0
0
2
0
0
2
2
2
3
3
3
3
6
3
3
6
6
6
4
4
4
7
7
2
3
0
6
0
3
2
6
2
4
3
0
3
2
3
0
6
2
6
3
4
2
0
0
2
0
0
2
2
2
3
3
3
3
6
3
3
6
6
6
4
4
4

82
-1
0.354575
143244
18
18
6
6
18
18
6
6
2
3
0
5
0
3
2
5
2
3
3
0
3
2
3
0
5
2
5
3
3
2
0
0
2
0
0
2
2
2
3
3
3
3
5
3
3
5
5
5
3
3
4
6
6
2
3
0
5
0
3
2
5
2
3
3
0
3
2
3
0
5
2
5
3
3
2
0
0
2
0
0
2
2
2
3
3
3
3
5
3
3
5
5
5
3
3
4

891
1
0.332295
27667
5
1
16
7
5
1
16
7
1
8
0
15
0
8
6
15
6
8
7
1
0
0
7
0
0
6
7
6
8
7
0
16
7
1
8
0
15
0
8
6
15
6
8
7
1
0
0
7
0
0
6
7
6
8
7
0

3860
-1
0.342138
34920
1
16
22
8
1
16
22
8
1
11
0
21
0
11
7
21
7
11
8
1
0
0
10
0
0
7
10
7
11
8
0
22
8
1
11
0
21
0
11
7
21
7
11
8
1
0
0
10
0
0
7
10
7
11
8
0

325
1
0.376266
35753
1
13
6
6
1
13
6
6
1
0
3
5
3
0
5
5
5
6
3
1
0
0
5
0
0
2
5
2
6
3
1
6
6
1
0
3
5
3
0
5
5
5
6
3
1
0
0
5
0
0
2
5
2
6
3
1

762
-1
0.336046
35902
9
10
6
6
9
10
6
6
1
0
3
5
3
0
5
5
5
6
3
1
0
0
5
0
0
2
5
2
6
3
1
6
6
1
0
3
5
3
0
5
5
5
6
3
1
0
0
5
0
0
2
5
2
6
3
1

1403
1
0.394764
39116
14
0
6
20
14
0
6
20
1
0
10
5
10
0
19
5
19
6
10
1
0
0
5
0
0
9
5
9
6
10
1
6
20
1
0
10
5
10
0
19
5
19
6
10
1
0
0
5
0
0
9
5
9
6
10
1

928
-1
0.341706
4211
15
8
7
7
15
8
7
7
1
3
0
6
0
3
6
6
6
4
7
1
0
0
2
0
0
6
2
6
3
7
0
7
7
1
3
0
6
0
3
6
6
6
4
7
1
0
0
2
0
0
6
2
6
3
7
0

