3
0.1
24
24
2
843
-1
2.04262
67724
3
5
19
6
3
5
19
6
1
0
3
18
3
0
5
18
5
19
3
1
0
0
18
0
0
2
18
2
19
3
1
19
6
1
0
3
18
3
0
5
18
5
19
3
1
0
0
18
0
0
2
18
2
19
3
1

233
-1
1.35298
210
11
1
6
6
11
1
6
6
1
3
0
5
0
3
5
5
5
3
6
1
0
0
2
0
0
5
2
5
3
6
0
6
6
1
3
0
5
0
3
5
5
5
3
6
1
0
0
2
0
0
5
2
5
3
6
0

0.2
24
24
5
4052
-1
1.60858
68038
3
4
19
9
3
4
19
9
1
0
4
18
4
0
8
18
8
19
5
1
0
0
18
0
0
3
18
3
19
4
1
19
9
1
0
4
18
4
0
8
18
8
19
5
1
0
0
18
0
0
3
18
3
19
4
1

1423
1
1.26257
48835
7
0
9
21
7
0
9
21
1
0
10
8
10
0
20
8
20
9
11
1
0
0
8
0
0
9
8
9
9
10
1
9
21
1
0
10
8
10
0
20
8
20
9
11
1
0
0
8
0
0
9
8
9
9
10
1

850
-1
1.19832
61331
5
0
15
6
5
0
15
6
1
0
3
14
3
0
5
14
5
15
3
1
0
0
14
0
0
2
14
2
15
3
1
15
6
1
0
3
14
3
0
5
14
5
15
3
1
0
0
14
0
0
2
14
2
15
3
1

460
1
1.04783
3820
12
1
7
6
12
1
7
6
1
3
0
6
0
3
5
6
5
4
6
1
0
0
2
0
0
5
2
5
3
6
0
7
6
1
3
0
6
0
3
5
6
5
4
6
1
0
0
2
0
0
5
2
5
3
6
0

2082
1
0.869425
71298
0
10
23
13
0
10
23
13
1
0
6
22
6
0
12
22
12
23
7
1
0
0
22
0
0
5
22
5
23
6
1
23
13
1
0
6
22
6
0
12
22
12
23
7
1
0
0
22
0
0
5
22
5
23
6
1

0.225
24
24
7
3755
-1
1.32493
69857
2
4
21
7
2
4
21
7
1
0
3
20
3
0
6
20
6
21
4
1
0
0
20
0
0
2
20
2
21
3
1
21
7
1
0
3
20
3
0
6
20
6
21
4
1
0
0
20
0
0
2
20
2
21
3
1

1225
1
1.20367
59831
5
0
14
9
5
0
14
9
1
0
4
13
4
0
8
13
8
14
5
1
0
0
13
0
0
3
13
3
14
4
1
14
9
1
0
4
13
4
0
8
13
8
14
5
1
0
0
13
0
0
3
13
3
14
4
1

1529
-1
1.14497
10884
5
1
9
8
5
1
9
8
1
4
0
8
0
4
7
8
7
5
8
1
0
0
3
0
0
7
3
7
4
8
0
9
8
1
4
0
8
0
4
7
8
7
5
8
1
0
0
3
0
0
7
3
7
4
8
0

620
1
0.96757
10708
11
0
9
7
11
0
9
7
1
4
0
8
0
4
6
8
6
5
7
1
0
0
3
0
0
6
3
6
4
7
0
9
7
1
4
0
8
0
4
6
8
6
5
7
1
0
0
3
0
0
6
3
6
4
7
0

2396
1
0.883535
71258
1
10
23
11
1
10
23
11
1
0
5
22
5
0
10
22
10
23
6
1
0
0
22
0
0
4
22
4
23
5
1
23
11
1
0
5
22
5
0
10
22
10
23
6
1
0
0
22
0
0
4
22
4
23
5
1

841
-1
0.957645
2933
0
7
6
17
0
7
6
17
1
3
0
5
0
3
16
5
16
3
17
1
0
0
2
0
0
16
2
16
3
17
0
6
17
1
3
0
5
0
3
16
5
16
3
17
1
0
0
2
0
0
16
2
16
3
17
0

1061
-1
0.813
61331
5
0
15
6
5
0
15
6
1
0
3
14
3
0
5
14
5
15
3
1
0
0
14
0
0
2
14
2
15
3
1
15
6
1
0
3
14
3
0
5
14
5
15
3
1
0
0
14
0
0
2
14
2
15
3
1

