2
0.28
24
24
3
3996
-1
2.47182
69102
2
4
20
9
2
4
20
9
1
0
4
19
4
0
8
19
8
20
5
1
0
0
19
0
0
3
19
3
20
4
1
20
9
1
0
4
19
4
0
8
19
8
20
5
1
0
0
19
0
0
3
19
3
20
4
1

122
-1
2.30084
211
11
2
6
6
11
2
6
6
1
3
0
5
0
3
5
5
5
3
6
1
0
0
2
0
0
5
2
5
3
6
0
6
6
1
3
0
5
0
3
5
5
5
3
6
1
0
0
2
0
0
5
2
5
3
6
0

1423
1
1.86773
57563
1
10
13
9
1
10
13
9
1
0
4
12
4
0
8
12
8
13
5
1
0
0
12
0
0
3
12
3
13
4
1
13
9
1
0
4
12
4
0
8
12
8
13
5
1
0
0
12
0
0
3
12
3
13
4
1

0.29
24
24
3
3363
-1
2.27303
68932
2
5
20
7
2
5
20
7
1
0
3
19
3
0
6
19
6
20
4
1
0
0
19
0
0
2
19
2
20
3
1
20
7
1
0
3
19
3
0
6
19
6
20
4
1
0
0
19
0
0
2
19
2
20
3
1

2488
1
1.80866
71258
1
10
23
11
1
10
23
11
1
0
5
22
5
0
10
22
10
23
6
1
0
0
22
0
0
4
22
4
23
5
1
23
11
1
0
5
22
5
0
10
22
10
23
6
1
0
0
22
0
0
4
22
4
23
5
1

341
-1
2.08286
35968
13
0
6
6
13
0
6
6
1
0
3
5
3
0
5
5
5
6
3
1
0
0
5
0
0
2
5
2
6
3
1
6
6
1
0
3
5
3
0
5
5
5
6
3
1
0
0
5
0
0
2
5
2
6
3
1

