4
0.305
24
24
3
88
-1
2.59476
10123
8
0
4
8
8
0
4
8
1
2
0
3
0
2
7
3
7
2
8
1
0
0
1
0
0
7
1
7
2
8
0
4
8
1
2
0
3
0
2
7
3
7
2
8
1
0
0
1
0
0
7
1
7
2
8
0

600
-1
2.15325
77475
5
0
14
6
5
0
14
6
1
0
3
13
3
0
5
13
5
14
3
1
0
0
13
0
0
2
13
2
14
3
1
14
6
1
0
3
13
3
0
5
13
5
14
3
1
0
0
13
0
0
2
13
2
14
3
1

9713
-1
2.23492
140532
2
1
20
12
2
1
20
12
2
0
0
19
0
0
3
19
3
20
4
0
8
19
8
0
11
19
11
20
4
1
0
4
19
4
0
7
19
7
20
4
3
20
12
2
0
0
19
0
0
3
19
3
20
4
0
8
19
8
0
11
19
11
20
4
1
0
4
19
4
0
7
19
7
20
4
3

0.21
24
24
4
699
-1
2.46917
84484
1
5
20
6
1
5
20
6
1
0
3
19
3
0
5
19
5
20
3
1
0
0
19
0
0
2
19
2
20
3
1
20
6
1
0
3
19
3
0
5
19
5
20
3
1
0
0
19
0
0
2
19
2
20
3
1

36
-1
1.84481
145680
13
12
4
4
13
12
4
4
2
2
0
3
0
2
1
3
1
2
2
0
2
1
2
0
3
1
3
2
2
2
0
0
1
0
0
1
1
1
2
2
2
2
3
2
2
3
3
3
2
2
4
4
4
2
2
0
3
0
2
1
3
1
2
2
0
2
1
2
0
3
1
3
2
2
2
0
0
1
0
0
1
1
1
2
2
2
2
3
2
2
3
3
3
2
2
4

496
-1
1.64802
85626
1
0
22
4
1
0
22
4
1
0
2
21
2
0
3
21
3
22
2
1
0
0
21
0
0
1
21
1
22
2
1
22
4
1
0
2
21
2
0
3
21
3
22
2
1
0
0
21
0
0
1
21
1
22
2
1

5
-1
1.62111
141797
8
13
2
2
8
13
2
2
2
1
0
1
0
1
0
1
0
1
1
0
1
0
1
0
1
0
1
1
1
2
0
0
0
0
0
0
0
0
1
1
1
1
1
1
1
1
1
1
1
1
4
2
2
2
1
0
1
0
1
0
1
0
1
1
0
1
0
1
0
1
0
1
1
1
2
0
0
0
0
0
0
0
0
1
1
1
1
1
1
1
1
1
1
1
1
4

0.225
24
24
4
93
-1
1.80662
9032
12
2
4
5
12
2
4
5
1
2
0
3
0
2
4
3
4
2
5
1
0
0
1
0
0
4
1
4
2
5
0
4
5
1
2
0
3
0
2
4
3
4
2
5
1
0
0
1
0
0
4
1
4
2
5
0

99
-1
1.57546
148772
0
0
6
6
0
0
6
6
2
3
0
5
0
3
2
5
2
3
3
0
3
2
3
0
5
2
5
3
3
2
0
0
2
0
0
2
2
2
3
3
3
3
5
3
3
5
5
5
3
3
4
6
6
2
3
0
5
0
3
2
5
2
3
3
0
3
2
3
0
5
2
5
3
3
2
0
0
2
0
0
2
2
2
3
3
3
3
5
3
3
5
5
5
3
3
4

26
-1
1.48936
50262
12
18
3
2
12
18
3
2
1
0
1
2
1
0
1
2
1
3
1
1
0
0
2
0
0
0
2
0
3
1
1
3
2
1
0
1
2
1
0
1
2
1
3
1
1
0
0
2
0
0
0
2
0
3
1
1

6955
-1
1.63925
134060
7
0
12
12
7
0
12
12
2
0
0
11
0
0
3
11
3
12
4
0
8
11
8
0
11
11
11
12
4
1
0
4
11
4
0
7
11
7
12
4
3
12
12
2
0
0
11
0
0
3
11
3
12
4
0
8
11
8
0
11
11
11
12
4
1
0
4
11
4
0
7
11
7
12
4
3

0.305
24
24
6
1475
-1
1.6818
85250
2
4
21
8
2
4
21
8
1
0
4
20
4
0
7
20
7
21
4
1
0
0
20
0
0
3
20
3
21
4
1
21
8
1
0
4
20
4
0
7
20
7
21
4
1
0
0
20
0
0
3
20
3
21
4
1

1060
-1
1.47821
77494
6
0
14
6
6
0
14
6
1
0
3
13
3
0
5
13
5
14
3
1
0
0
13
0
0
2
13
2
14
3
1
14
6
1
0
3
13
3
0
5
13
5
14
3
1
0
0
13
0
0
2
13
2
14
3
1

36
-1
1.55803
7896
0
9
4
3
0
9
4
3
1
2
0
3
0
2
2
3
2
2
3
1
0
0
1
0
0
2
1
2
2
3
0
4
3
1
2
0
3
0
2
2
3
2
2
3
1
0
0
1
0
0
2
1
2
2
3
0

93
-1
1.4359
13821
7
4
6
2
7
4
6
2
1
3
0
5
0
3
1
5
1
3
2
1
0
0
2
0
0
1
2
1
3
2
0
6
2
1
3
0
5
0
3
1
5
1
3
2
1
0
0
2
0
0
1
2
1
3
2
0

8827
-1
1.34338
138025
4
0
16
12
4
0
16
12
2
0
0
15
0
0
3
15
3
16
4
0
8
15
8
0
11
15
11
16
4
1
0
4
15
4
0
7
15
7
16
4
3
16
12
2
0
0
15
0
0
3
15
3
16
4
0
8
15
8
0
11
15
11
16
4
1
0
4
15
4
0
7
15
7
16
4
3

42
-1
1.55432
56385
9
18
5
2
9
18
5
2
1
0
1
4
1
0
1
4
1
5
1
1
0
0
4
0
0
0
4
0
5
1
1
5
2
1
0
1
4
1
0
1
4
1
5
1
1
0
0
4
0
0
0
4
0
5
1
1

