2
0.305
24
24
3
88
-1
2.59476
10123
8
0
4
8
8
0
4
8
1
2
0
3
0
2
7
3
7
2
8
1
0
0
1
0
0
7
1
7
2
8
0
4
8
1
2
0
3
0
2
7
3
7
2
8
1
0
0
1
0
0
7
1
7
2
8
0

600
-1
2.15325
77475
5
0
14
6
5
0
14
6
1
0
3
13
3
0
5
13
5
14
3
1
0
0
13
0
0
2
13
2
14
3
1
14
6
1
0
3
13
3
0
5
13
5
14
3
1
0
0
13
0
0
2
13
2
14
3
1

9713
-1
2.23492
140532
2
1
20
12
2
1
20
12
2
0
0
19
0
0
3
19
3
20
4
0
8
19
8
0
11
19
11
20
4
1
0
4
19
4
0
7
19
7
20
4
3
20
12
2
0
0
19
0
0
3
19
3
20
4
0
8
19
8
0
11
19
11
20
4
1
0
4
19
4
0
7
19
7
20
4
3

0.21
24
24
4
699
-1
2.46917
84484
1
5
20
6
1
5
20
6
1
0
3
19
3
0
5
19
5
20
3
1
0
0
19
0
0
2
19
2
20
3
1
20
6
1
0
3
19
3
0
5
19
5
20
3
1
0
0
19
0
0
2
19
2
20
3
1

36
-1
1.84481
145680
13
12
4
4
13
12
4
4
2
2
0
3
0
2
1
3
1
2
2
0
2
1
2
0
3
1
3
2
2
2
0
0
1
0
0
1
1
1
2
2
2
2
3
2
2
3
3
3
2
2
4
4
4
2
2
0
3
0
2
1
3
1
2
2
0
2
1
2
0
3
1
3
2
2
2
0
0
1
0
0
1
1
1
2
2
2
2
3
2
2
3
3
3
2
2
4

496
-1
1.64802
85626
1
0
22
4
1
0
22
4
1
0
2
21
2
0
3
21
3
22
2
1
0
0
21
0
0
1
21
1
22
2
1
22
4
1
0
2
21
2
0
3
21
3
22
2
1
0
0
21
0
0
1
21
1
22
2
1

5
-1
1.62111
141797
8
13
2
2
8
13
2
2
2
1
0
1
0
1
0
1
0
1
1
0
1
0
1
0
1
0
1
1
1
2
0
0
0
0
0
0
0
0
1
1
1
1
1
1
1
1
1
1
1
1
4
2
2
2
1
0
1
0
1
0
1
0
1
1
0
1
0
1
0
1
0
1
1
1
2
0
0
0
0
0
0
0
0
1
1
1
1
1
1
1
1
1
1
1
1
4

