21
0.305
24
24
3
88
-1
2.59476
10123
8
0
4
8
8
0
4
8
1
2
0
3
0
2
7
3
7
2
8
1
0
0
1
0
0
7
1
7
2
8
0
4
8
1
2
0
3
0
2
7
3
7
2
8
1
0
0
1
0
0
7
1
7
2
8
0

600
-1
2.15325
77475
5
0
14
6
5
0
14
6
1
0
3
13
3
0
5
13
5
14
3
1
0
0
13
0
0
2
13
2
14
3
1
14
6
1
0
3
13
3
0
5
13
5
14
3
1
0
0
13
0
0
2
13
2
14
3
1

9713
-1
2.23492
140532
2
1
20
12
2
1
20
12
2
0
0
19
0
0
3
19
3
20
4
0
8
19
8
0
11
19
11
20
4
1
0
4
19
4
0
7
19
7
20
4
3
20
12
2
0
0
19
0
0
3
19
3
20
4
0
8
19
8
0
11
19
11
20
4
1
0
4
19
4
0
7
19
7
20
4
3

0.21
24
24
4
699
-1
2.46917
84484
1
5
20
6
1
5
20
6
1
0
3
19
3
0
5
19
5
20
3
1
0
0
19
0
0
2
19
2
20
3
1
20
6
1
0
3
19
3
0
5
19
5
20
3
1
0
0
19
0
0
2
19
2
20
3
1

36
-1
1.84481
145680
13
12
4
4
13
12
4
4
2
2
0
3
0
2
1
3
1
2
2
0
2
1
2
0
3
1
3
2
2
2
0
0
1
0
0
1
1
1
2
2
2
2
3
2
2
3
3
3
2
2
4
4
4
2
2
0
3
0
2
1
3
1
2
2
0
2
1
2
0
3
1
3
2
2
2
0
0
1
0
0
1
1
1
2
2
2
2
3
2
2
3
3
3
2
2
4

496
-1
1.64802
85626
1
0
22
4
1
0
22
4
1
0
2
21
2
0
3
21
3
22
2
1
0
0
21
0
0
1
21
1
22
2
1
22
4
1
0
2
21
2
0
3
21
3
22
2
1
0
0
21
0
0
1
21
1
22
2
1

5
-1
1.62111
141797
8
13
2
2
8
13
2
2
2
1
0
1
0
1
0
1
0
1
1
0
1
0
1
0
1
0
1
1
1
2
0
0
0
0
0
0
0
0
1
1
1
1
1
1
1
1
1
1
1
1
4
2
2
2
1
0
1
0
1
0
1
0
1
1
0
1
0
1
0
1
0
1
1
1
2
0
0
0
0
0
0
0
0
1
1
1
1
1
1
1
1
1
1
1
1
4

0.225
24
24
4
93
-1
1.80662
9032
12
2
4
5
12
2
4
5
1
2
0
3
0
2
4
3
4
2
5
1
0
0
1
0
0
4
1
4
2
5
0
4
5
1
2
0
3
0
2
4
3
4
2
5
1
0
0
1
0
0
4
1
4
2
5
0

99
-1
1.57546
148772
0
0
6
6
0
0
6
6
2
3
0
5
0
3
2
5
2
3
3
0
3
2
3
0
5
2
5
3
3
2
0
0
2
0
0
2
2
2
3
3
3
3
5
3
3
5
5
5
3
3
4
6
6
2
3
0
5
0
3
2
5
2
3
3
0
3
2
3
0
5
2
5
3
3
2
0
0
2
0
0
2
2
2
3
3
3
3
5
3
3
5
5
5
3
3
4

26
-1
1.48936
50262
12
18
3
2
12
18
3
2
1
0
1
2
1
0
1
2
1
3
1
1
0
0
2
0
0
0
2
0
3
1
1
3
2
1
0
1
2
1
0
1
2
1
3
1
1
0
0
2
0
0
0
2
0
3
1
1

6955
-1
1.63925
134060
7
0
12
12
7
0
12
12
2
0
0
11
0
0
3
11
3
12
4
0
8
11
8
0
11
11
11
12
4
1
0
4
11
4
0
7
11
7
12
4
3
12
12
2
0
0
11
0
0
3
11
3
12
4
0
8
11
8
0
11
11
11
12
4
1
0
4
11
4
0
7
11
7
12
4
3

0.305
24
24
6
1475
-1
1.6818
85250
2
4
21
8
2
4
21
8
1
0
4
20
4
0
7
20
7
21
4
1
0
0
20
0
0
3
20
3
21
4
1
21
8
1
0
4
20
4
0
7
20
7
21
4
1
0
0
20
0
0
3
20
3
21
4
1

1060
-1
1.47821
77494
6
0
14
6
6
0
14
6
1
0
3
13
3
0
5
13
5
14
3
1
0
0
13
0
0
2
13
2
14
3
1
14
6
1
0
3
13
3
0
5
13
5
14
3
1
0
0
13
0
0
2
13
2
14
3
1

36
-1
1.55803
7896
0
9
4
3
0
9
4
3
1
2
0
3
0
2
2
3
2
2
3
1
0
0
1
0
0
2
1
2
2
3
0
4
3
1
2
0
3
0
2
2
3
2
2
3
1
0
0
1
0
0
2
1
2
2
3
0

93
-1
1.4359
13821
7
4
6
2
7
4
6
2
1
3
0
5
0
3
1
5
1
3
2
1
0
0
2
0
0
1
2
1
3
2
0
6
2
1
3
0
5
0
3
1
5
1
3
2
1
0
0
2
0
0
1
2
1
3
2
0

8827
-1
1.34338
138025
4
0
16
12
4
0
16
12
2
0
0
15
0
0
3
15
3
16
4
0
8
15
8
0
11
15
11
16
4
1
0
4
15
4
0
7
15
7
16
4
3
16
12
2
0
0
15
0
0
3
15
3
16
4
0
8
15
8
0
11
15
11
16
4
1
0
4
15
4
0
7
15
7
16
4
3

42
-1
1.55432
56385
9
18
5
2
9
18
5
2
1
0
1
4
1
0
1
4
1
5
1
1
0
0
4
0
0
0
4
0
5
1
1
5
2
1
0
1
4
1
0
1
4
1
5
1
1
0
0
4
0
0
0
4
0
5
1
1

0.315
24
24
6
1136
-1
1.57319
85179
2
5
21
6
2
5
21
6
1
0
3
20
3
0
5
20
5
21
3
1
0
0
20
0
0
2
20
2
21
3
1
21
6
1
0
3
20
3
0
5
20
5
21
3
1
0
0
20
0
0
2
20
2
21
3
1

146
-1
1.44948
82439
3
2
18
2
3
2
18
2
1
0
1
17
1
0
1
17
1
18
1
1
0
0
17
0
0
0
17
0
18
1
1
18
2
1
0
1
17
1
0
1
17
1
18
1
1
0
0
17
0
0
0
17
0
18
1
1

3603
1
1.41078
84201
3
0
19
20
3
0
19
20
1
0
10
18
10
0
19
18
19
19
10
1
0
0
18
0
0
9
18
9
19
10
1
19
20
1
0
10
18
10
0
19
18
19
19
10
1
0
0
18
0
0
9
18
9
19
10
1

46
-1
1.35618
53208
3
3
4
2
3
3
4
2
1
0
1
3
1
0
1
3
1
4
1
1
0
0
3
0
0
0
3
0
4
1
1
4
2
1
0
1
3
1
0
1
3
1
4
1
1
0
0
3
0
0
0
3
0
4
1
1

52
-1
1.27374
61954
7
17
7
2
7
17
7
2
1
0
1
6
1
0
1
6
1
7
1
1
0
0
6
0
0
0
6
0
7
1
1
7
2
1
0
1
6
1
0
1
6
1
7
1
1
0
0
6
0
0
0
6
0
7
1
1

98
-1
1.22078
9603
20
13
4
6
20
13
4
6
1
2
0
3
0
2
5
3
5
2
6
1
0
0
1
0
0
5
1
5
2
6
0
4
6
1
2
0
3
0
2
5
3
5
2
6
1
0
0
1
0
0
5
1
5
2
6
0

0.385
24
24
11
168
-1
1.29194
14339
11
4
6
3
11
4
6
3
1
3
0
5
0
3
2
5
2
3
3
1
0
0
2
0
0
2
2
2
3
3
0
6
3
1
3
0
5
0
3
2
5
2
3
3
1
0
0
2
0
0
2
2
2
3
3
0

8444
-1
1.29136
137175
5
0
15
12
5
0
15
12
2
0
0
14
0
0
3
14
3
15
4
0
8
14
8
0
11
14
11
15
4
1
0
4
14
4
0
7
14
7
15
4
3
15
12
2
0
0
14
0
0
3
14
3
15
4
0
8
14
8
0
11
14
11
15
4
1
0
4
14
4
0
7
14
7
15
4
3

1040
1
1.53475
107759
5
4
15
2
5
4
15
2
2
0
0
4
0
0
1
4
1
5
2
10
0
14
0
10
1
14
1
5
2
1
5
0
9
0
5
1
9
1
5
2
2
15
2
2
0
0
4
0
0
1
4
1
5
2
10
0
14
0
10
1
14
1
5
2
1
5
0
9
0
5
1
9
1
5
2
2

39
-1
1.20179
47048
17
1
2
2
17
1
2
2
1
0
1
1
1
0
1
1
1
2
1
1
0
0
1
0
0
0
1
0
2
1
1
2
2
1
0
1
1
1
0
1
1
1
2
1
1
0
0
1
0
0
0
1
0
2
1
1

63
-1
1.12327
56408
10
18
5
2
10
18
5
2
1
0
1
4
1
0
1
4
1
5
1
1
0
0
4
0
0
0
4
0
5
1
1
5
2
1
0
1
4
1
0
1
4
1
5
1
1
0
0
4
0
0
0
4
0
5
1
1

7363
-1
1.39606
137123
1
0
15
12
1
0
15
12
2
0
0
14
0
0
3
14
3
15
4
0
8
14
8
0
11
14
11
15
4
1
0
4
14
4
0
7
14
7
15
4
3
15
12
2
0
0
14
0
0
3
14
3
15
4
0
8
14
8
0
11
14
11
15
4
1
0
4
14
4
0
7
14
7
15
4
3

96
-1
1.14056
71414
5
19
11
2
5
19
11
2
1
0
1
10
1
0
1
10
1
11
1
1
0
0
10
0
0
0
10
0
11
1
1
11
2
1
0
1
10
1
0
1
10
1
11
1
1
0
0
10
0
0
0
10
0
11
1
1

26
-1
1.09729
1822
11
4
2
4
11
4
2
4
1
1
0
1
0
1
3
1
3
1
4
1
0
0
0
0
0
3
0
3
1
4
0
2
4
1
1
0
1
0
1
3
1
3
1
4
1
0
0
0
0
0
3
0
3
1
4
0

84
-1
1.10657
14092
18
22
6
2
18
22
6
2
1
3
0
5
0
3
1
5
1
3
2
1
0
0
2
0
0
1
2
1
3
2
0
6
2
1
3
0
5
0
3
1
5
1
3
2
1
0
0
2
0
0
1
2
1
3
2
0

729
1
1.05119
58889
5
4
5
20
5
4
5
20
1
0
10
4
10
0
19
4
19
5
10
1
0
0
4
0
0
9
4
9
5
10
1
5
20
1
0
10
4
10
0
19
4
19
5
10
1
0
0
4
0
0
9
4
9
5
10
1

885
-1
1.08763
80354
2
0
16
6
2
0
16
6
1
0
3
15
3
0
5
15
5
16
3
1
0
0
15
0
0
2
15
2
16
3
1
16
6
1
0
3
15
3
0
5
15
5
16
3
1
0
0
15
0
0
2
15
2
16
3
1

0.37
24
24
11
1129
-1
1.25708
84540
4
4
20
6
4
4
20
6
1
0
3
19
3
0
5
19
5
20
3
1
0
0
19
0
0
2
19
2
20
3
1
20
6
1
0
3
19
3
0
5
19
5
20
3
1
0
0
19
0
0
2
19
2
20
3
1

1161
1
1.20448
66481
10
0
8
16
10
0
8
16
1
0
8
7
8
0
15
7
15
8
8
1
0
0
7
0
0
7
7
7
8
8
1
8
16
1
0
8
7
8
0
15
7
15
8
8
1
0
0
7
0
0
7
7
7
8
8
1

199
-1
1.09652
81309
4
1
17
2
4
1
17
2
1
0
1
16
1
0
1
16
1
17
1
1
0
0
16
0
0
0
16
0
17
1
1
17
2
1
0
1
16
1
0
1
16
1
17
1
1
0
0
16
0
0
0
16
0
17
1
1

529
-1
1.08838
17183
0
12
6
12
0
12
6
12
1
3
0
5
0
3
11
5
11
3
12
1
0
0
2
0
0
11
2
11
3
12
0
6
12
1
3
0
5
0
3
11
5
11
3
12
1
0
0
2
0
0
11
2
11
3
12
0

747
-1
1.09221
83683
2
5
19
6
2
5
19
6
1
0
3
18
3
0
5
18
5
19
3
1
0
0
18
0
0
2
18
2
19
3
1
19
6
1
0
3
18
3
0
5
18
5
19
3
1
0
0
18
0
0
2
18
2
19
3
1

85
-1
1.07248
53531
17
4
4
2
17
4
4
2
1
0
1
3
1
0
1
3
1
4
1
1
0
0
3
0
0
0
3
0
4
1
1
4
2
1
0
1
3
1
0
1
3
1
4
1
1
0
0
3
0
0
0
3
0
4
1
1

643
-1
1.04839
116010
12
6
1
18
12
6
1
18
2
0
0
0
0
0
5
0
5
1
6
0
12
0
12
0
17
0
17
1
6
1
0
6
0
6
0
11
0
11
1
6
3
1
18
2
0
0
0
0
0
5
0
5
1
6
0
12
0
12
0
17
0
17
1
6
1
0
6
0
6
0
11
0
11
1
6
3

360
1
1.0404
103649
6
5
12
1
6
5
12
1
2
0
0
3
0
0
0
3
0
4
1
8
0
11
0
8
0
11
0
4
1
1
4
0
7
0
4
0
7
0
4
1
2
12
1
2
0
0
3
0
0
0
3
0
4
1
8
0
11
0
8
0
11
0
4
1
1
4
0
7
0
4
0
7
0
4
1
2

1142
1
1.1366
76775
10
1
13
18
10
1
13
18
1
0
9
12
9
0
17
12
17
13
9
1
0
0
12
0
0
8
12
8
13
9
1
13
18
1
0
9
12
9
0
17
12
17
13
9
1
0
0
12
0
0
8
12
8
13
9
1

55
-1
0.993038
53232
4
4
4
2
4
4
4
2
1
0
1
3
1
0
1
3
1
4
1
1
0
0
3
0
0
0
3
0
4
1
1
4
2
1
0
1
3
1
0
1
3
1
4
1
1
0
0
3
0
0
0
3
0
4
1
1

36
-1
0.965075
53382
10
16
4
2
10
16
4
2
1
0
1
3
1
0
1
3
1
4
1
1
0
0
3
0
0
0
3
0
4
1
1
4
2
1
0
1
3
1
0
1
3
1
4
1
1
0
0
3
0
0
0
3
0
4
1
1

0.35
24
24
11
300
-1
1.11621
54141
4
5
4
6
4
5
4
6
1
0
3
3
3
0
5
3
5
4
3
1
0
0
3
0
0
2
3
2
4
3
1
4
6
1
0
3
3
3
0
5
3
5
4
3
1
0
0
3
0
0
2
3
2
4
3
1

1452
1
0.985867
85776
0
0
22
10
0
0
22
10
1
0
5
21
5
0
9
21
9
22
5
1
0
0
21
0
0
4
21
4
22
5
1
22
10
1
0
5
21
5
0
9
21
9
22
5
1
0
0
21
0
0
4
21
4
22
5
1

1433
-1
1.05585
81625
3
0
17
6
3
0
17
6
1
0
3
16
3
0
5
16
5
17
3
1
0
0
16
0
0
2
16
2
17
3
1
17
6
1
0
3
16
3
0
5
16
5
17
3
1
0
0
16
0
0
2
16
2
17
3
1

40
-1
0.971779
13200
0
0
6
1
0
0
6
1
1
3
0
5
0
3
0
5
0
3
1
1
0
0
2
0
0
0
2
0
3
1
0
6
1
1
3
0
5
0
3
0
5
0
3
1
1
0
0
2
0
0
0
2
0
3
1
0

3165
1
0.990514
84937
4
2
20
20
4
2
20
20
1
0
10
19
10
0
19
19
19
20
10
1
0
0
19
0
0
9
19
9
20
10
1
20
20
1
0
10
19
10
0
19
19
19
20
10
1
0
0
19
0
0
9
19
9
20
10
1

72
-1
1.0718
56402
10
12
5
2
10
12
5
2
1
0
1
4
1
0
1
4
1
5
1
1
0
0
4
0
0
0
4
0
5
1
1
5
2
1
0
1
4
1
0
1
4
1
5
1
1
0
0
4
0
0
0
4
0
5
1
1

413
-1
0.956985
54735
16
4
4
8
16
4
4
8
1
0
4
3
4
0
7
3
7
4
4
1
0
0
3
0
0
3
3
3
4
4
1
4
8
1
0
4
3
4
0
7
3
7
4
4
1
0
0
3
0
0
3
3
3
4
4
1

49
-1
0.941701
50063
4
3
3
2
4
3
3
2
1
0
1
2
1
0
1
2
1
3
1
1
0
0
2
0
0
0
2
0
3
1
1
3
2
1
0
1
2
1
0
1
2
1
3
1
1
0
0
2
0
0
0
2
0
3
1
1

447
1
0.870788
49711
15
6
2
18
15
6
2
18
1
0
9
1
9
0
17
1
17
2
9
1
0
0
1
0
0
8
1
8
2
9
1
2
18
1
0
9
1
9
0
17
1
17
2
9
1
0
0
1
0
0
8
1
8
2
9
1

2080
-1
0.964378
43121
0
12
24
12
0
12
24
12
1
12
0
23
0
12
11
23
11
12
12
1
0
0
11
0
0
11
11
11
12
12
0
24
12
1
12
0
23
0
12
11
23
11
12
12
1
0
0
11
0
0
11
11
11
12
12
0

667
1
0.890455
154065
0
0
10
8
0
0
10
8
2
5
0
9
0
5
3
9
3
5
4
0
4
4
4
0
7
4
7
5
4
2
0
0
4
0
0
3
4
3
5
4
5
4
9
4
4
7
9
7
5
4
4
10
8
2
5
0
9
0
5
3
9
3
5
4
0
4
4
4
0
7
4
7
5
4
2
0
0
4
0
0
3
4
3
5
4
5
4
9
4
4
7
9
7
5
4
4

0.365
24
24
16
287
-1
1.14019
93216
9
0
6
1
9
0
6
1
2
0
0
1
0
0
0
1
0
2
1
4
0
5
0
4
0
5
0
2
1
1
2
0
3
0
2
0
3
0
2
1
2
6
1
2
0
0
1
0
0
0
1
0
2
1
4
0
5
0
4
0
5
0
2
1
1
2
0
3
0
2
0
3
0
2
1
2

1468
1
1.04149
158226
2
3
14
12
2
3
14
12
2
7
0
13
0
7
5
13
5
7
6
0
6
6
6
0
11
6
11
7
6
2
0
0
6
0
0
5
6
5
7
6
7
6
13
6
6
11
13
11
7
6
4
14
12
2
7
0
13
0
7
5
13
5
7
6
0
6
6
6
0
11
6
11
7
6
2
0
0
6
0
0
5
6
5
7
6
7
6
13
6
6
11
13
11
7
6
4

34
-1
0.932508
46945
12
13
2
2
12
13
2
2
1
0
1
1
1
0
1
1
1
2
1
1
0
0
1
0
0
0
1
0
2
1
1
2
2
1
0
1
1
1
0
1
1
1
2
1
1
0
0
1
0
0
0
1
0
2
1
1

1912
1
0.884316
78386
1
0
14
20
1
0
14
20
1
0
10
13
10
0
19
13
19
14
10
1
0
0
13
0
0
9
13
9
14
10
1
14
20
1
0
10
13
10
0
19
13
19
14
10
1
0
0
13
0
0
9
13
9
14
10
1

1670
-1
0.895688
81792
4
4
17
8
4
4
17
8
1
0
4
16
4
0
7
16
7
17
4
1
0
0
16
0
0
3
16
3
17
4
1
17
8
1
0
4
16
4
0
7
16
7
17
4
1
0
0
16
0
0
3
16
3
17
4
1

58
-1
0.850656
2722
10
2
2
6
10
2
2
6
1
1
0
1
0
1
5
1
5
1
6
1
0
0
0
0
0
5
0
5
1
6
0
2
6
1
1
0
1
0
1
5
1
5
1
6
1
0
0
0
0
0
5
0
5
1
6
0

1047
1
0.81634
80827
4
0
16
12
4
0
16
12
1
0
6
15
6
0
11
15
11
16
6
1
0
0
15
0
0
5
15
5
16
6
1
16
12
1
0
6
15
6
0
11
15
11
16
6
1
0
0
15
0
0
5
15
5
16
6
1

401
-1
0.799297
115176
12
0
1
9
12
0
1
9
2
0
0
0
0
0
2
0
2
1
3
0
6
0
6
0
8
0
8
1
3
1
0
3
0
3
0
5
0
5
1
3
3
1
9
2
0
0
0
0
0
2
0
2
1
3
0
6
0
6
0
8
0
8
1
3
1
0
3
0
3
0
5
0
5
1
3
3

289
1
0.868845
103648
6
4
12
1
6
4
12
1
2
0
0
3
0
0
0
3
0
4
1
8
0
11
0
8
0
11
0
4
1
1
4
0
7
0
4
0
7
0
4
1
2
12
1
2
0
0
3
0
0
0
3
0
4
1
8
0
11
0
8
0
11
0
4
1
1
4
0
7
0
4
0
7
0
4
1
2

64
-1
0.810837
56431
11
18
5
2
11
18
5
2
1
0
1
4
1
0
1
4
1
5
1
1
0
0
4
0
0
0
4
0
5
1
1
5
2
1
0
1
4
1
0
1
4
1
5
1
1
0
0
4
0
0
0
4
0
5
1
1

831
-1
0.819362
113709
0
9
24
1
0
9
24
1
2
0
0
7
0
0
0
7
0
8
1
16
0
23
0
16
0
23
0
8
1
1
8
0
15
0
8
0
15
0
8
1
2
24
1
2
0
0
7
0
0
0
7
0
8
1
16
0
23
0
16
0
23
0
8
1
1
8
0
15
0
8
0
15
0
8
1
2

133
-1
0.837083
56530
16
2
5
2
16
2
5
2
1
0
1
4
1
0
1
4
1
5
1
1
0
0
4
0
0
0
4
0
5
1
1
5
2
1
0
1
4
1
0
1
4
1
5
1
1
0
0
4
0
0
0
4
0
5
1
1

867
1
0.896136
33493
5
3
14
5
5
3
14
5
1
7
0
13
0
7
4
13
4
7
5
1
0
0
6
0
0
4
6
4
7
5
0
14
5
1
7
0
13
0
7
4
13
4
7
5
1
0
0
6
0
0
4
6
4
7
5
0

461
-1
0.875908
12263
0
8
4
16
0
8
4
16
1
2
0
3
0
2
15
3
15
2
16
1
0
0
1
0
0
15
1
15
2
16
0
4
16
1
2
0
3
0
2
15
3
15
2
16
1
0
0
1
0
0
15
1
15
2
16
0

13
1
0.838271
46719
2
17
2
2
2
17
2
2
1
0
1
1
1
0
1
1
1
2
1
1
0
0
1
0
0
0
1
0
2
1
1
2
2
1
0
1
1
1
0
1
1
1
2
1
1
0
0
1
0
0
0
1
0
2
1
1

34
-1
0.793406
46797
6
3
2
2
6
3
2
2
1
0
1
1
1
0
1
1
1
2
1
1
0
0
1
0
0
0
1
0
2
1
1
2
2
1
0
1
1
1
0
1
1
1
2
1
1
0
0
1
0
0
0
1
0
2
1
1

0.36
24
24
16
494
-1
1.15634
55074
17
3
4
10
17
3
4
10
1
0
5
3
5
0
9
3
9
4
5
1
0
0
3
0
0
4
3
4
4
5
1
4
10
1
0
5
3
5
0
9
3
9
4
5
1
0
0
3
0
0
4
3
4
4
5
1

499
-1
1.02327
54174
6
0
4
6
6
0
4
6
1
0
3
3
3
0
5
3
5
4
3
1
0
0
3
0
0
2
3
2
4
3
1
4
6
1
0
3
3
3
0
5
3
5
4
3
1
0
0
3
0
0
2
3
2
4
3
1

14
-1
0.900827
43320
5
5
1
2
5
5
1
2
1
0
1
0
1
0
1
0
1
1
1
1
0
0
0
0
0
0
0
0
1
1
1
1
2
1
0
1
0
1
0
1
0
1
1
1
1
0
0
0
0
0
0
0
0
1
1
1

29
-1
0.830399
47049
17
2
2
2
17
2
2
2
1
0
1
1
1
0
1
1
1
2
1
1
0
0
1
0
0
0
1
0
2
1
1
2
2
1
0
1
1
1
0
1
1
1
2
1
1
0
0
1
0
0
0
1
0
2
1
1

54
-1
0.854367
18900
0
0
8
1
0
0
8
1
1
4
0
7
0
4
0
7
0
4
1
1
0
0
3
0
0
0
3
0
4
1
0
8
1
1
4
0
7
0
4
0
7
0
4
1
1
0
0
3
0
0
0
3
0
4
1
0

46
-1
0.876798
53476
14
18
4
2
14
18
4
2
1
0
1
3
1
0
1
3
1
4
1
1
0
0
3
0
0
0
3
0
4
1
1
4
2
1
0
1
3
1
0
1
3
1
4
1
1
0
0
3
0
0
0
3
0
4
1
1

51
-1
0.826167
1843
12
4
2
4
12
4
2
4
1
1
0
1
0
1
3
1
3
1
4
1
0
0
0
0
0
3
0
3
1
4
0
2
4
1
1
0
1
0
1
3
1
3
1
4
1
0
0
0
0
0
3
0
3
1
4
0

8974
-1
0.92233
137999
2
0
16
12
2
0
16
12
2
0
0
15
0
0
3
15
3
16
4
0
8
15
8
0
11
15
11
16
4
1
0
4
15
4
0
7
15
7
16
4
3
16
12
2
0
0
15
0
0
3
15
3
16
4
0
8
15
8
0
11
15
11
16
4
1
0
4
15
4
0
7
15
7
16
4
3

822
1
0.855402
113723
0
23
24
1
0
23
24
1
2
0
0
7
0
0
0
7
0
8
1
16
0
23
0
16
0
23
0
8
1
1
8
0
15
0
8
0
15
0
8
1
2
24
1
2
0
0
7
0
0
0
7
0
8
1
16
0
23
0
16
0
23
0
8
1
1
8
0
15
0
8
0
15
0
8
1
2

1616
1
0.774203
158551
10
0
14
16
10
0
14
16
2
7
0
13
0
7
7
13
7
7
8
0
8
6
8
0
15
6
15
7
8
2
0
0
6
0
0
7
6
7
7
8
7
8
13
8
8
15
13
15
7
8
4
14
16
2
7
0
13
0
7
7
13
7
7
8
0
8
6
8
0
15
6
15
7
8
2
0
0
6
0
0
7
6
7
7
8
7
8
13
8
8
15
13
15
7
8
4

305
1
0.779436
49022
13
12
2
12
13
12
2
12
1
0
6
1
6
0
11
1
11
2
6
1
0
0
1
0
0
5
1
5
2
6
1
2
12
1
0
6
1
6
0
11
1
11
2
6
1
0
0
1
0
0
5
1
5
2
6
1

183
-1
0.912099
73474
7
17
12
2
7
17
12
2
1
0
1
11
1
0
1
11
1
12
1
1
0
0
11
0
0
0
11
0
12
1
1
12
2
1
0
1
11
1
0
1
11
1
12
1
1
0
0
11
0
0
0
11
0
12
1
1

144
-1
0.765034
9382
9
1
4
6
9
1
4
6
1
2
0
3
0
2
5
3
5
2
6
1
0
0
1
0
0
5
1
5
2
6
0
4
6
1
2
0
3
0
2
5
3
5
2
6
1
0
0
1
0
0
5
1
5
2
6
0

11
-1
0.752846
43618
18
4
1
2
18
4
1
2
1
0
1
0
1
0
1
0
1
1
1
1
0
0
0
0
0
0
0
0
1
1
1
1
2
1
0
1
0
1
0
1
0
1
1
1
1
0
0
0
0
0
0
0
0
1
1
1

5
1
0.781123
312
13
0
2
1
13
0
2
1
1
1
0
1
0
1
0
1
0
1
1
1
0
0
0
0
0
0
0
0
1
1
0
2
1
1
1
0
1
0
1
0
1
0
1
1
1
0
0
0
0
0
0
0
0
1
1
0

331
-1
0.784628
28834
0
22
12
2
0
22
12
2
1
6
0
11
0
6
1
11
1
6
2
1
0
0
5
0
0
1
5
1
6
2
0
12
2
1
6
0
11
0
6
1
11
1
6
2
1
0
0
5
0
0
1
5
1
6
2
0

0.385
24
24
16
1327
1
0.970595
156785
9
2
12
14
9
2
12
14
2
6
0
11
0
6
6
11
6
6
7
0
7
5
7
0
13
5
13
6
7
2
0
0
5
0
0
6
5
6
6
7
6
7
11
7
7
13
11
13
6
7
4
12
14
2
6
0
11
0
6
6
11
6
6
7
0
7
5
7
0
13
5
13
6
7
2
0
0
5
0
0
6
5
6
6
7
6
7
11
7
7
13
11
13
6
7
4

7928
-1
1.04148
135173
5
0
13
12
5
0
13
12
2
0
0
12
0
0
3
12
3
13
4
0
8
12
8
0
11
12
11
13
4
1
0
4
12
4
0
7
12
7
13
4
3
13
12
2
0
0
12
0
0
3
12
3
13
4
0
8
12
8
0
11
12
11
13
4
1
0
4
12
4
0
7
12
7
13
4
3

29
-1
0.860936
50211
10
13
3
2
10
13
3
2
1
0
1
2
1
0
1
2
1
3
1
1
0
0
2
0
0
0
2
0
3
1
1
3
2
1
0
1
2
1
0
1
2
1
3
1
1
0
0
2
0
0
0
2
0
3
1
1

169
-1
0.79697
50600
6
0
3
4
6
0
3
4
1
0
2
2
2
0
3
2
3
3
2
1
0
0
2
0
0
1
2
1
3
2
1
3
4
1
0
2
2
2
0
3
2
3
3
2
1
0
0
2
0
0
1
2
1
3
2
1

35
-1
0.771079
1350
12
5
2
3
12
5
2
3
1
1
0
1
0
1
2
1
2
1
3
1
0
0
0
0
0
2
0
2
1
3
0
2
3
1
1
0
1
0
1
2
1
2
1
3
1
0
0
0
0
0
2
0
2
1
3
0

1150
1
0.761859
78226
2
3
14
16
2
3
14
16
1
0
8
13
8
0
15
13
15
14
8
1
0
0
13
0
0
7
13
7
14
8
1
14
16
1
0
8
13
8
0
15
13
15
14
8
1
0
0
13
0
0
7
13
7
14
8
1

439
-1
0.79454
51792
4
4
3
10
4
4
3
10
1
0
5
2
5
0
9
2
9
3
5
1
0
0
2
0
0
4
2
4
3
5
1
3
10
1
0
5
2
5
0
9
2
9
3
5
1
0
0
2
0
0
4
2
4
3
5
1

769
1
0.726372
40911
3
3
20
4
3
3
20
4
1
10
0
19
0
10
3
19
3
10
4
1
0
0
9
0
0
3
9
3
10
4
0
20
4
1
10
0
19
0
10
3
19
3
10
4
1
0
0
9
0
0
3
9
3
10
4
0

89
-1
0.682373
59218
7
17
6
2
7
17
6
2
1
0
1
5
1
0
1
5
1
6
1
1
0
0
5
0
0
0
5
0
6
1
1
6
2
1
0
1
5
1
0
1
5
1
6
1
1
0
0
5
0
0
0
5
0
6
1
1

1312
1
0.696138
70392
4
12
10
10
4
12
10
10
1
0
5
9
5
0
9
9
9
10
5
1
0
0
9
0
0
4
9
4
10
5
1
10
10
1
0
5
9
5
0
9
9
9
10
5
1
0
0
9
0
0
4
9
4
10
5
1

1154
-1
0.772998
36144
0
21
16
3
0
21
16
3
1
8
0
15
0
8
2
15
2
8
3
1
0
0
7
0
0
2
7
2
8
3
0
16
3
1
8
0
15
0
8
2
15
2
8
3
1
0
0
7
0
0
2
7
2
8
3
0

76
1
0.688564
18981
3
9
8
1
3
9
8
1
1
4
0
7
0
4
0
7
0
4
1
1
0
0
3
0
0
0
3
0
4
1
0
8
1
1
4
0
7
0
4
0
7
0
4
1
1
0
0
3
0
0
0
3
0
4
1
0

123
-1
0.687713
24336
14
0
10
1
14
0
10
1
1
5
0
9
0
5
0
9
0
5
1
1
0
0
4
0
0
0
4
0
5
1
0
10
1
1
5
0
9
0
5
0
9
0
5
1
1
0
0
4
0
0
0
4
0
5
1
0

1536
-1
0.675949
104340
10
9
12
3
10
9
12
3
2
0
0
3
0
0
2
3
2
4
3
8
0
11
0
8
2
11
2
4
3
1
4
0
7
0
4
2
7
2
4
3
2
12
3
2
0
0
3
0
0
2
3
2
4
3
8
0
11
0
8
2
11
2
4
3
1
4
0
7
0
4
2
7
2
4
3
2

896
1
0.811424
118170
17
3
2
18
17
3
2
18
2
0
0
1
0
0
5
1
5
2
6
0
12
1
12
0
17
1
17
2
6
1
0
6
1
6
0
11
1
11
2
6
3
2
18
2
0
0
1
0
0
5
1
5
2
6
0
12
1
12
0
17
1
17
2
6
1
0
6
1
6
0
11
1
11
2
6
3

964
1
0.672981
154065
0
0
10
8
0
0
10
8
2
5
0
9
0
5
3
9
3
5
4
0
4
4
4
0
7
4
7
5
4
2
0
0
4
0
0
3
4
3
5
4
5
4
9
4
4
7
9
7
5
4
4
10
8
2
5
0
9
0
5
3
9
3
5
4
0
4
4
4
0
7
4
7
5
4
2
0
0
4
0
0
3
4
3
5
4
5
4
9
4
4
7
9
7
5
4
4

0.415
24
24
21
4134
-1
1.02381
154797
5
2
10
14
5
2
10
14
2
5
0
9
0
5
6
9
6
5
7
0
7
4
7
0
13
4
13
5
7
2
0
0
4
0
0
6
4
6
5
7
5
7
9
7
7
13
9
13
5
7
4
10
14
2
5
0
9
0
5
6
9
6
5
7
0
7
4
7
0
13
4
13
5
7
2
0
0
4
0
0
6
4
6
5
7
5
7
9
7
7
13
9
13
5
7
4

1643
1
0.915353
158534
8
1
14
16
8
1
14
16
2
7
0
13
0
7
7
13
7
7
8
0
8
6
8
0
15
6
15
7
8
2
0
0
6
0
0
7
6
7
7
8
7
8
13
8
8
15
13
15
7
8
4
14
16
2
7
0
13
0
7
7
13
7
7
8
0
8
6
8
0
15
6
15
7
8
2
0
0
6
0
0
7
6
7
7
8
7
8
13
8
8
15
13
15
7
8
4

109
-1
0.779904
56534
16
6
5
2
16
6
5
2
1
0
1
4
1
0
1
4
1
5
1
1
0
0
4
0
0
0
4
0
5
1
1
5
2
1
0
1
4
1
0
1
4
1
5
1
1
0
0
4
0
0
0
4
0
5
1
1

5348
-1
0.807844
134964
3
0
13
9
3
0
13
9
2
0
0
12
0
0
2
12
2
13
3
0
6
12
6
0
8
12
8
13
3
1
0
3
12
3
0
5
12
5
13
3
3
13
9
2
0
0
12
0
0
2
12
2
13
3
0
6
12
6
0
8
12
8
13
3
1
0
3
12
3
0
5
12
5
13
3
3

1003
1
0.795558
107760
5
5
15
2
5
5
15
2
2
0
0
4
0
0
1
4
1
5
2
10
0
14
0
10
1
14
1
5
2
1
5
0
9
0
5
1
9
1
5
2
2
15
2
2
0
0
4
0
0
1
4
1
5
2
10
0
14
0
10
1
14
1
5
2
1
5
0
9
0
5
1
9
1
5
2
2

562
1
0.852205
61744
14
2
6
22
14
2
6
22
1
0
11
5
11
0
21
5
21
6
11
1
0
0
5
0
0
10
5
10
6
11
1
6
22
1
0
11
5
11
0
21
5
21
6
11
1
0
0
5
0
0
10
5
10
6
11
1

1621
1
0.705849
74974
2
0
12
18
2
0
12
18
1
0
9
11
9
0
17
11
17
12
9
1
0
0
11
0
0
8
11
8
12
9
1
12
18
1
0
9
11
9
0
17
11
17
12
9
1
0
0
11
0
0
8
11
8
12
9
1

2632
-1
0.731246
83889
2
3
19
10
2
3
19
10
1
0
5
18
5
0
9
18
9
19
5
1
0
0
18
0
0
4
18
4
19
5
1
19
10
1
0
5
18
5
0
9
18
9
19
5
1
0
0
18
0
0
4
18
4
19
5
1

361
-1
0.651645
12054
0
9
4
15
0
9
4
15
1
2
0
3
0
2
14
3
14
2
15
1
0
0
1
0
0
14
1
14
2
15
0
4
15
1
2
0
3
0
2
14
3
14
2
15
1
0
0
1
0
0
14
1
14
2
15
0

1322
1
0.698191
159841
3
7
16
16
3
7
16
16
2
8
0
15
0
8
7
15
7
8
8
0
8
7
8
0
15
7
15
8
8
2
0
0
7
0
0
7
7
7
8
8
8
8
15
8
8
15
15
15
8
8
4
16
16
2
8
0
15
0
8
7
15
7
8
8
0
8
7
8
0
15
7
15
8
8
2
0
0
7
0
0
7
7
7
8
8
8
8
15
8
8
15
15
15
8
8
4

482
-1
0.731547
12044
20
10
4
14
20
10
4
14
1
2
0
3
0
2
13
3
13
2
14
1
0
0
1
0
0
13
1
13
2
14
0
4
14
1
2
0
3
0
2
13
3
13
2
14
1
0
0
1
0
0
13
1
13
2
14
0

11
1
0.69792
43238
1
15
1
2
1
15
1
2
1
0
1
0
1
0
1
0
1
1
1
1
0
0
0
0
0
0
0
0
1
1
1
1
2
1
0
1
0
1
0
1
0
1
1
1
1
0
0
0
0
0
0
0
0
1
1
1

223
-1
0.740255
148866
4
18
6
6
4
18
6
6
2
3
0
5
0
3
2
5
2
3
3
0
3
2
3
0
5
2
5
3
3
2
0
0
2
0
0
2
2
2
3
3
3
3
5
3
3
5
5
5
3
3
4
6
6
2
3
0
5
0
3
2
5
2
3
3
0
3
2
3
0
5
2
5
3
3
2
0
0
2
0
0
2
2
2
3
3
3
3
5
3
3
5
5
5
3
3
4

87
-1
0.697158
50737
12
11
3
4
12
11
3
4
1
0
2
2
2
0
3
2
3
3
2
1
0
0
2
0
0
1
2
1
3
2
1
3
4
1
0
2
2
2
0
3
2
3
3
2
1
0
0
2
0
0
1
2
1
3
2
1

766
1
0.675799
86058
0
2
23
6
0
2
23
6
1
0
3
22
3
0
5
22
5
23
3
1
0
0
22
0
0
2
22
2
23
3
1
23
6
1
0
3
22
3
0
5
22
5
23
3
1
0
0
22
0
0
2
22
2
23
3
1

23
-1
0.676879
46752
4
4
2
2
4
4
2
2
1
0
1
1
1
0
1
1
1
2
1
1
0
0
1
0
0
0
1
0
2
1
1
2
2
1
0
1
1
1
0
1
1
1
2
1
1
0
0
1
0
0
0
1
0
2
1
1

2
1
0.691921
43746
23
17
1
2
23
17
1
2
1
0
1
0
1
0
1
0
1
1
1
1
0
0
0
0
0
0
0
0
1
1
1
1
2
1
0
1
0
1
0
1
0
1
1
1
1
0
0
0
0
0
0
0
0
1
1
1

8532
-1
0.67066
138119
2
9
16
15
2
9
16
15
2
0
0
15
0
0
4
15
4
16
5
0
10
15
10
0
14
15
14
16
5
1
0
5
15
5
0
9
15
9
16
5
3
16
15
2
0
0
15
0
0
4
15
4
16
5
0
10
15
10
0
14
15
14
16
5
1
0
5
15
5
0
9
15
9
16
5
3

2049
1
0.746835
161682
0
2
20
18
0
2
20
18
2
10
0
19
0
10
8
19
8
10
9
0
9
9
9
0
17
9
17
10
9
2
0
0
9
0
0
8
9
8
10
9
10
9
19
9
9
17
19
17
10
9
4
20
18
2
10
0
19
0
10
8
19
8
10
9
0
9
9
9
0
17
9
17
10
9
2
0
0
9
0
0
8
9
8
10
9
10
9
19
9
9
17
19
17
10
9
4

96
-1
0.71162
56531
16
3
5
2
16
3
5
2
1
0
1
4
1
0
1
4
1
5
1
1
0
0
4
0
0
0
4
0
5
1
1
5
2
1
0
1
4
1
0
1
4
1
5
1
1
0
0
4
0
0
0
4
0
5
1
1

11
1
0.655541
288
12
0
2
1
12
0
2
1
1
1
0
1
0
1
0
1
0
1
1
1
0
0
0
0
0
0
0
0
1
1
0
2
1
1
1
0
1
0
1
0
1
0
1
1
1
0
0
0
0
0
0
0
0
1
1
0

0.39
24
24
21
189
-1
1.00698
9826
12
1
4
7
12
1
4
7
1
2
0
3
0
2
6
3
6
2
7
1
0
0
1
0
0
6
1
6
2
7
0
4
7
1
2
0
3
0
2
6
3
6
2
7
1
0
0
1
0
0
6
1
6
2
7
0

48
-1
0.793009
46776
5
5
2
2
5
5
2
2
1
0
1
1
1
0
1
1
1
2
1
1
0
0
1
0
0
0
1
0
2
1
1
2
2
1
0
1
1
1
0
1
1
1
2
1
1
0
0
1
0
0
0
1
0
2
1
1

7377
1
0.840142
129012
2
1
8
21
2
1
8
21
2
0
0
7
0
0
6
7
6
8
7
0
14
7
14
0
20
7
20
8
7
1
0
7
7
7
0
13
7
13
8
7
3
8
21
2
0
0
7
0
0
6
7
6
8
7
0
14
7
14
0
20
7
20
8
7
1
0
7
7
7
0
13
7
13
8
7
3

807
-1
0.807852
119017
11
0
3
6
11
0
3
6
2
0
0
2
0
0
1
2
1
3
2
0
4
2
4
0
5
2
5
3
2
1
0
2
2
2
0
3
2
3
3
2
3
3
6
2
0
0
2
0
0
1
2
1
3
2
0
4
2
4
0
5
2
5
3
2
1
0
2
2
2
0
3
2
3
3
2
3

706
1
0.76275
161725
2
0
20
20
2
0
20
20
2
10
0
19
0
10
9
19
9
10
10
0
10
9
10
0
19
9
19
10
10
2
0
0
9
0
0
9
9
9
10
10
10
10
19
10
10
19
19
19
10
10
4
20
20
2
10
0
19
0
10
9
19
9
10
10
0
10
9
10
0
19
9
19
10
10
2
0
0
9
0
0
9
9
9
10
10
10
10
19
10
10
19
19
19
10
10
4

44
-1
0.747465
50364
17
5
3
2
17
5
3
2
1
0
1
2
1
0
1
2
1
3
1
1
0
0
2
0
0
0
2
0
3
1
1
3
2
1
0
1
2
1
0
1
2
1
3
1
1
0
0
2
0
0
0
2
0
3
1
1

420
-1
0.667344
13137
0
0
4
23
0
0
4
23
1
2
0
3
0
2
22
3
22
2
23
1
0
0
1
0
0
22
1
22
2
23
0
4
23
1
2
0
3
0
2
22
3
22
2
23
1
0
0
1
0
0
22
1
22
2
23
0

1069
1
0.735458
159860
5
8
16
16
5
8
16
16
2
8
0
15
0
8
7
15
7
8
8
0
8
7
8
0
15
7
15
8
8
2
0
0
7
0
0
7
7
7
8
8
8
8
15
8
8
15
15
15
8
8
4
16
16
2
8
0
15
0
8
7
15
7
8
8
0
8
7
8
0
15
7
15
8
8
2
0
0
7
0
0
7
7
7
8
8
8
8
15
8
8
15
15
15
8
8
4

64
-1
0.701506
50233
11
12
3
2
11
12
3
2
1
0
1
2
1
0
1
2
1
3
1
1
0
0
2
0
0
0
2
0
3
1
1
3
2
1
0
1
2
1
0
1
2
1
3
1
1
0
0
2
0
0
0
2
0
3
1
1

9
1
0.674784
43240
1
17
1
2
1
17
1
2
1
0
1
0
1
0
1
0
1
1
1
1
0
0
0
0
0
0
0
0
1
1
1
1
2
1
0
1
0
1
0
1
0
1
1
1
1
0
0
0
0
0
0
0
0
1
1
1

76
-1
0.628535
7593
8
5
4
2
8
5
4
2
1
2
0
3
0
2
1
3
1
2
2
1
0
0
1
0
0
1
1
1
2
2
0
4
2
1
2
0
3
0
2
1
3
1
2
2
1
0
0
1
0
0
1
1
1
2
2
0

29
-1
0.668901
43342
6
4
1
2
6
4
1
2
1
0
1
0
1
0
1
0
1
1
1
1
0
0
0
0
0
0
0
0
1
1
1
1
2
1
0
1
0
1
0
1
0
1
1
1
1
0
0
0
0
0
0
0
0
1
1
1

2234
1
0.716008
86128
0
0
23
10
0
0
23
10
1
0
5
22
5
0
9
22
9
23
5
1
0
0
22
0
0
4
22
4
23
5
1
23
10
1
0
5
22
5
0
9
22
9
23
5
1
0
0
22
0
0
4
22
4
23
5
1

105
-1
0.697742
56529
16
1
5
2
16
1
5
2
1
0
1
4
1
0
1
4
1
5
1
1
0
0
4
0
0
0
4
0
5
1
1
5
2
1
0
1
4
1
0
1
4
1
5
1
1
0
0
4
0
0
0
4
0
5
1
1

3599
-1
0.645088
156865
4
2
12
16
4
2
12
16
2
6
0
11
0
6
7
11
7
6
8
0
8
5
8
0
15
5
15
6
8
2
0
0
5
0
0
7
5
7
6
8
6
8
11
8
8
15
11
15
6
8
4
12
16
2
6
0
11
0
6
7
11
7
6
8
0
8
5
8
0
15
5
15
6
8
2
0
0
5
0
0
7
5
7
6
8
6
8
11
8
8
15
11
15
6
8
4

38
-1
0.68533
43494
12
18
1
2
12
18
1
2
1
0
1
0
1
0
1
0
1
1
1
1
0
0
0
0
0
0
0
0
1
1
1
1
2
1
0
1
0
1
0
1
0
1
1
1
1
0
0
0
0
0
0
0
0
1
1
1

3615
1
0.659586
158326
9
12
14
12
9
12
14
12
2
7
0
13
0
7
5
13
5
7
6
0
6
6
6
0
11
6
11
7
6
2
0
0
6
0
0
5
6
5
7
6
7
6
13
6
6
11
13
11
7
6
4
14
12
2
7
0
13
0
7
5
13
5
7
6
0
6
6
6
0
11
6
11
7
6
2
0
0
6
0
0
5
6
5
7
6
7
6
13
6
6
11
13
11
7
6
4

380
1
0.707379
66066
6
5
8
12
6
5
8
12
1
0
6
7
6
0
11
7
11
8
6
1
0
0
7
0
0
5
7
5
8
6
1
8
12
1
0
6
7
6
0
11
7
11
8
6
1
0
0
7
0
0
5
7
5
8
6
1

459
-1
0.669299
51986
17
3
3
10
17
3
3
10
1
0
5
2
5
0
9
2
9
3
5
1
0
0
2
0
0
4
2
4
3
5
1
3
10
1
0
5
2
5
0
9
2
9
3
5
1
0
0
2
0
0
4
2
4
3
5
1

270
-1
0.627708
24726
0
21
10
3
0
21
10
3
1
5
0
9
0
5
2
9
2
5
3
1
0
0
4
0
0
2
4
2
5
3
0
10
3
1
5
0
9
0
5
2
9
2
5
3
1
0
0
4
0
0
2
4
2
5
3
0

442
1
0.651256
28205
3
2
10
19
3
2
10
19
1
5
0
9
0
5
18
9
18
5
19
1
0
0
4
0
0
18
4
18
5
19
0
10
19
1
5
0
9
0
5
18
9
18
5
19
1
0
0
4
0
0
18
4
18
5
19
0

0.415
24
24
26
329
-1
0.894922
15425
7
2
6
6
7
2
6
6
1
3
0
5
0
3
5
5
5
3
6
1
0
0
2
0
0
5
2
5
3
6
0
6
6
1
3
0
5
0
3
5
5
5
3
6
1
0
0
2
0
0
5
2
5
3
6
0

2278
1
0.849507
75023
9
0
12
18
9
0
12
18
1
0
9
11
9
0
17
11
17
12
9
1
0
0
11
0
0
8
11
8
12
9
1
12
18
1
0
9
11
9
0
17
11
17
12
9
1
0
0
11
0
0
8
11
8
12
9
1

191
-1
0.802166
69321
8
17
10
2
8
17
10
2
1
0
1
9
1
0
1
9
1
10
1
1
0
0
9
0
0
0
9
0
10
1
1
10
2
1
0
1
9
1
0
1
9
1
10
1
1
0
0
9
0
0
0
9
0
10
1
1

83
-1
0.671429
4307
11
2
2
10
11
2
2
10
1
1
0
1
0
1
9
1
9
1
10
1
0
0
0
0
0
9
0
9
1
10
0
2
10
1
1
0
1
0
1
9
1
9
1
10
1
0
0
0
0
0
9
0
9
1
10
0

101
1
0.671029
24321
13
9
10
1
13
9
10
1
1
5
0
9
0
5
0
9
0
5
1
1
0
0
4
0
0
0
4
0
5
1
0
10
1
1
5
0
9
0
5
0
9
0
5
1
1
0
0
4
0
0
0
4
0
5
1
0

64
-1
0.669683
7887
0
0
4
3
0
0
4
3
1
2
0
3
0
2
2
3
2
2
3
1
0
0
1
0
0
2
1
2
2
3
0
4
3
1
2
0
3
0
2
2
3
2
2
3
1
0
0
1
0
0
2
1
2
2
3
0

69
-1
0.71499
50257
12
13
3
2
12
13
3
2
1
0
1
2
1
0
1
2
1
3
1
1
0
0
2
0
0
0
2
0
3
1
1
3
2
1
0
1
2
1
0
1
2
1
3
1
1
0
0
2
0
0
0
2
0
3
1
1

613
1
0.665679
60979
10
4
6
12
10
4
6
12
1
0
6
5
6
0
11
5
11
6
6
1
0
0
5
0
0
5
5
5
6
6
1
6
12
1
0
6
5
6
0
11
5
11
6
6
1
0
0
5
0
0
5
5
5
6
6
1

399
-1
0.745471
48908
5
2
2
12
5
2
2
12
1
0
6
1
6
0
11
1
11
2
6
1
0
0
1
0
0
5
1
5
2
6
1
2
12
1
0
6
1
6
0
11
1
11
2
6
1
0
0
1
0
0
5
1
5
2
6
1

5
1
0.64132
141659
2
13
2
2
2
13
2
2
2
1
0
1
0
1
0
1
0
1
1
0
1
0
1
0
1
0
1
1
1
2
0
0
0
0
0
0
0
0
1
1
1
1
1
1
1
1
1
1
1
1
4
2
2
2
1
0
1
0
1
0
1
0
1
1
0
1
0
1
0
1
0
1
1
1
2
0
0
0
0
0
0
0
0
1
1
1
1
1
1
1
1
1
1
1
1
4

64
-1
0.633903
19284
16
0
8
1
16
0
8
1
1
4
0
7
0
4
0
7
0
4
1
1
0
0
3
0
0
0
3
0
4
1
0
8
1
1
4
0
7
0
4
0
7
0
4
1
1
0
0
3
0
0
0
3
0
4
1
0

473
1
0.630555
52454
10
0
3
14
10
0
3
14
1
0
7
2
7
0
13
2
13
3
7
1
0
0
2
0
0
6
2
6
3
7
1
3
14
1
0
7
2
7
0
13
2
13
3
7
1
0
0
2
0
0
6
2
6
3
7
1

87
-1
0.691065
50193
9
18
3
2
9
18
3
2
1
0
1
2
1
0
1
2
1
3
1
1
0
0
2
0
0
0
2
0
3
1
1
3
2
1
0
1
2
1
0
1
2
1
3
1
1
0
0
2
0
0
0
2
0
3
1
1

448
1
0.636929
87667
10
13
3
3
10
13
3
3
2
0
0
0
0
0
2
0
2
1
3
2
0
2
0
2
2
2
2
1
3
1
1
0
1
0
1
2
1
2
1
3
2
3
3
2
0
0
0
0
0
2
0
2
1
3
2
0
2
0
2
2
2
2
1
3
1
1
0
1
0
1
2
1
2
1
3
2

1255
-1
0.669636
149133
0
0
6
8
0
0
6
8
2
3
0
5
0
3
3
5
3
3
4
0
4
2
4
0
7
2
7
3
4
2
0
0
2
0
0
3
2
3
3
4
3
4
5
4
4
7
5
7
3
4
4
6
8
2
3
0
5
0
3
3
5
3
3
4
0
4
2
4
0
7
2
7
3
4
2
0
0
2
0
0
3
2
3
3
4
3
4
5
4
4
7
5
7
3
4
4

58
-1
0.584149
9079
14
9
4
5
14
9
4
5
1
2
0
3
0
2
4
3
4
2
5
1
0
0
1
0
0
4
1
4
2
5
0
4
5
1
2
0
3
0
2
4
3
4
2
5
1
0
0
1
0
0
4
1
4
2
5
0

1
1
0.57713
141704
4
12
2
2
4
12
2
2
2
1
0
1
0
1
0
1
0
1
1
0
1
0
1
0
1
0
1
1
1
2
0
0
0
0
0
0
0
0
1
1
1
1
1
1
1
1
1
1
1
1
4
2
2
2
1
0
1
0
1
0
1
0
1
1
0
1
0
1
0
1
0
1
1
1
2
0
0
0
0
0
0
0
0
1
1
1
1
1
1
1
1
1
1
1
1
4

48
1
0.661304
1464
17
9
2
3
17
9
2
3
1
1
0
1
0
1
2
1
2
1
3
1
0
0
0
0
0
2
0
2
1
3
0
2
3
1
1
0
1
0
1
2
1
2
1
3
1
0
0
0
0
0
2
0
2
1
3
0

75
-1
0.616593
50386
18
4
3
2
18
4
3
2
1
0
1
2
1
0
1
2
1
3
1
1
0
0
2
0
0
0
2
0
3
1
1
3
2
1
0
1
2
1
0
1
2
1
3
1
1
0
0
2
0
0
0
2
0
3
1
1

73
-1
0.621311
8178
13
5
4
3
13
5
4
3
1
2
0
3
0
2
2
3
2
2
3
1
0
0
1
0
0
2
1
2
2
3
0
4
3
1
2
0
3
0
2
2
3
2
2
3
1
0
0
1
0
0
2
1
2
2
3
0

11
1
0.60724
141830
10
0
2
2
10
0
2
2
2
1
0
1
0
1
0
1
0
1
1
0
1
0
1
0
1
0
1
1
1
2
0
0
0
0
0
0
0
0
1
1
1
1
1
1
1
1
1
1
1
1
4
2
2
2
1
0
1
0
1
0
1
0
1
1
0
1
0
1
0
1
0
1
1
1
2
0
0
0
0
0
0
0
0
1
1
1
1
1
1
1
1
1
1
1
1
4

183
1
0.662264
66726
12
3
8
20
12
3
8
20
1
0
10
7
10
0
19
7
19
8
10
1
0
0
7
0
0
9
7
9
8
10
1
8
20
1
0
10
7
10
0
19
7
19
8
10
1
0
0
7
0
0
9
7
9
8
10
1

24392
1
0.661335
141595
0
0
24
21
0
0
24
21
2
0
0
23
0
0
6
23
6
24
7
0
14
23
14
0
20
23
20
24
7
1
0
7
23
7
0
13
23
13
24
7
3
24
21
2
0
0
23
0
0
6
23
6
24
7
0
14
23
14
0
20
23
20
24
7
1
0
7
23
7
0
13
23
13
24
7
3

1207
-1
0.633266
154303
14
0
10
8
14
0
10
8
2
5
0
9
0
5
3
9
3
5
4
0
4
4
4
0
7
4
7
5
4
2
0
0
4
0
0
3
4
3
5
4
5
4
9
4
4
7
9
7
5
4
4
10
8
2
5
0
9
0
5
3
9
3
5
4
0
4
4
4
0
7
4
7
5
4
2
0
0
4
0
0
3
4
3
5
4
5
4
9
4
4
7
9
7
5
4
4

99
-1
0.592797
61930
6
16
7
2
6
16
7
2
1
0
1
6
1
0
1
6
1
7
1
1
0
0
6
0
0
0
6
0
7
1
1
7
2
1
0
1
6
1
0
1
6
1
7
1
1
0
0
6
0
0
0
6
0
7
1
1

818
1
0.650646
61013
12
12
6
12
12
12
6
12
1
0
6
5
6
0
11
5
11
6
6
1
0
0
5
0
0
5
5
5
6
6
1
6
12
1
0
6
5
6
0
11
5
11
6
6
1
0
0
5
0
0
5
5
5
6
6
1

0.415
24
24
26
548
-1
0.872826
115498
10
0
1
12
10
0
1
12
2
0
0
0
0
0
3
0
3
1
4
0
8
0
8
0
11
0
11
1
4
1
0
4
0
4
0
7
0
7
1
4
3
1
12
2
0
0
0
0
0
3
0
3
1
4
0
8
0
8
0
11
0
11
1
4
1
0
4
0
4
0
7
0
7
1
4
3

515
1
0.77749
103954
6
4
12
2
6
4
12
2
2
0
0
3
0
0
1
3
1
4
2
8
0
11
0
8
1
11
1
4
2
1
4
0
7
0
4
1
7
1
4
2
2
12
2
2
0
0
3
0
0
1
3
1
4
2
8
0
11
0
8
1
11
1
4
2
1
4
0
7
0
4
1
7
1
4
2
2

17
1
0.76973
46917
11
8
2
2
11
8
2
2
1
0
1
1
1
0
1
1
1
2
1
1
0
0
1
0
0
0
1
0
2
1
1
2
2
1
0
1
1
1
0
1
1
1
2
1
1
0
0
1
0
0
0
1
0
2
1
1

2174
-1
0.662183
86166
0
8
23
12
0
8
23
12
1
0
6
22
6
0
11
22
11
23
6
1
0
0
22
0
0
5
22
5
23
6
1
23
12
1
0
6
22
6
0
11
22
11
23
6
1
0
0
22
0
0
5
22
5
23
6
1

1192
1
0.659649
66759
3
2
8
22
3
2
8
22
1
0
11
7
11
0
21
7
21
8
11
1
0
0
7
0
0
10
7
10
8
11
1
8
22
1
0
11
7
11
0
21
7
21
8
11
1
0
0
7
0
0
10
7
10
8
11
1

785
-1
0.638757
115433
5
0
1
12
5
0
1
12
2
0
0
0
0
0
3
0
3
1
4
0
8
0
8
0
11
0
11
1
4
1
0
4
0
4
0
7
0
7
1
4
3
1
12
2
0
0
0
0
0
3
0
3
1
4
0
8
0
8
0
11
0
11
1
4
1
0
4
0
4
0
7
0
7
1
4
3

893
1
0.670651
63305
5
14
7
10
5
14
7
10
1
0
5
6
5
0
9
6
9
7
5
1
0
0
6
0
0
4
6
4
7
5
1
7
10
1
0
5
6
5
0
9
6
9
7
5
1
0
0
6
0
0
4
6
4
7
5
1

194
-1
0.646057
64593
9
18
8
2
9
18
8
2
1
0
1
7
1
0
1
7
1
8
1
1
0
0
7
0
0
0
7
0
8
1
1
8
2
1
0
1
7
1
0
1
7
1
8
1
1
0
0
7
0
0
0
7
0
8
1
1

8
1
0.66221
43214
0
14
1
2
0
14
1
2
1
0
1
0
1
0
1
0
1
1
1
1
0
0
0
0
0
0
0
0
1
1
1
1
2
1
0
1
0
1
0
1
0
1
1
1
1
0
0
0
0
0
0
0
0
1
1
1

1480
-1
0.607681
85234
1
5
21
8
1
5
21
8
1
0
4
20
4
0
7
20
7
21
4
1
0
0
20
0
0
3
20
3
21
4
1
21
8
1
0
4
20
4
0
7
20
7
21
4
1
0
0
20
0
0
3
20
3
21
4
1

1571
1
0.62345
161721
1
1
20
20
1
1
20
20
2
10
0
19
0
10
9
19
9
10
10
0
10
9
10
0
19
9
19
10
10
2
0
0
9
0
0
9
9
9
10
10
10
10
19
10
10
19
19
19
10
10
4
20
20
2
10
0
19
0
10
9
19
9
10
10
0
10
9
10
0
19
9
19
10
10
2
0
0
9
0
0
9
9
9
10
10
10
10
19
10
10
19
19
19
10
10
4

276
-1
0.65502
6670
0
0
2
21
0
0
2
21
1
1
0
1
0
1
20
1
20
1
21
1
0
0
0
0
0
20
0
20
1
21
0
2
21
1
1
0
1
0
1
20
1
20
1
21
1
0
0
0
0
0
20
0
20
1
21
0

182
1
0.622908
50707
11
2
3
4
11
2
3
4
1
0
2
2
2
0
3
2
3
3
2
1
0
0
2
0
0
1
2
1
3
2
1
3
4
1
0
2
2
2
0
3
2
3
3
2
1
0
0
2
0
0
1
2
1
3
2
1

113
-1
0.622694
3952
11
4
2
9
11
4
2
9
1
1
0
1
0
1
8
1
8
1
9
1
0
0
0
0
0
8
0
8
1
9
0
2
9
1
1
0
1
0
1
8
1
8
1
9
1
0
0
0
0
0
8
0
8
1
9
0

17
1
0.595081
828
12
0
2
2
12
0
2
2
1
1
0
1
0
1
1
1
1
1
2
1
0
0
0
0
0
1
0
1
1
2
0
2
2
1
1
0
1
0
1
1
1
1
1
2
1
0
0
0
0
0
1
0
1
1
2
0

7
1
0.603814
7092
8
0
4
1
8
0
4
1
1
2
0
3
0
2
0
3
0
2
1
1
0
0
1
0
0
0
1
0
2
1
0
4
1
1
2
0
3
0
2
0
3
0
2
1
1
0
0
1
0
0
0
1
0
2
1
0

11
1
0.579913
43698
21
15
1
2
21
15
1
2
1
0
1
0
1
0
1
0
1
1
1
1
0
0
0
0
0
0
0
0
1
1
1
1
2
1
0
1
0
1
0
1
0
1
1
1
1
0
0
0
0
0
0
0
0
1
1
1

53
-1
0.606789
3365
22
2
2
7
22
2
2
7
1
1
0
1
0
1
6
1
6
1
7
1
0
0
0
0
0
6
0
6
1
7
0
2
7
1
1
0
1
0
1
6
1
6
1
7
1
0
0
0
0
0
6
0
6
1
7
0

81
-1
0.585744
61976
8
16
7
2
8
16
7
2
1
0
1
6
1
0
1
6
1
7
1
1
0
0
6
0
0
0
6
0
7
1
1
7
2
1
0
1
6
1
0
1
6
1
7
1
1
0
0
6
0
0
0
6
0
7
1
1

39
-1
0.556278
47051
17
4
2
2
17
4
2
2
1
0
1
1
1
0
1
1
1
2
1
1
0
0
1
0
0
0
1
0
2
1
1
2
2
1
0
1
1
1
0
1
1
1
2
1
1
0
0
1
0
0
0
1
0
2
1
1

10
1
0.566553
43208
0
8
1
2
0
8
1
2
1
0
1
0
1
0
1
0
1
1
1
1
0
0
0
0
0
0
0
0
1
1
1
1
2
1
0
1
0
1
0
1
0
1
1
1
1
0
0
0
0
0
0
0
0
1
1
1

6
1
0.545975
43744
23
15
1
2
23
15
1
2
1
0
1
0
1
0
1
0
1
1
1
1
0
0
0
0
0
0
0
0
1
1
1
1
2
1
0
1
0
1
0
1
0
1
1
1
1
0
0
0
0
0
0
0
0
1
1
1

1
1
0.585705
43506
13
7
1
2
13
7
1
2
1
0
1
0
1
0
1
0
1
1
1
1
0
0
0
0
0
0
0
0
1
1
1
1
2
1
0
1
0
1
0
1
0
1
1
1
1
0
0
0
0
0
0
0
0
1
1
1

462
1
0.706452
87716
12
18
3
3
12
18
3
3
2
0
0
0
0
0
2
0
2
1
3
2
0
2
0
2
2
2
2
1
3
1
1
0
1
0
1
2
1
2
1
3
2
3
3
2
0
0
0
0
0
2
0
2
1
3
2
0
2
0
2
2
2
2
1
3
1
1
0
1
0
1
2
1
2
1
3
2

1135
-1
0.570129
103891
3
10
12
2
3
10
12
2
2
0
0
3
0
0
1
3
1
4
2
8
0
11
0
8
1
11
1
4
2
1
4
0
7
0
4
1
7
1
4
2
2
12
2
2
0
0
3
0
0
1
3
1
4
2
8
0
11
0
8
1
11
1
4
2
1
4
0
7
0
4
1
7
1
4
2
2

759
1
0.597921
156794
10
0
12
14
10
0
12
14
2
6
0
11
0
6
6
11
6
6
7
0
7
5
7
0
13
5
13
6
7
2
0
0
5
0
0
6
5
6
6
7
6
7
11
7
7
13
11
13
6
7
4
12
14
2
6
0
11
0
6
6
11
6
6
7
0
7
5
7
0
13
5
13
6
7
2
0
0
5
0
0
6
5
6
6
7
6
7
11
7
7
13
11
13
6
7
4

0.42
24
24
26
495
-1
0.835308
52401
5
2
3
14
5
2
3
14
1
0
7
2
7
0
13
2
13
3
7
1
0
0
2
0
0
6
2
6
3
7
1
3
14
1
0
7
2
7
0
13
2
13
3
7
1
0
0
2
0
0
6
2
6
3
7
1

577
1
0.720525
58180
9
3
5
12
9
3
5
12
1
0
6
4
6
0
11
4
11
5
6
1
0
0
4
0
0
5
4
5
5
6
1
5
12
1
0
6
4
6
0
11
4
11
5
6
1
0
0
4
0
0
5
4
5
5
6
1

532
1
0.731677
154065
0
0
10
8
0
0
10
8
2
5
0
9
0
5
3
9
3
5
4
0
4
4
4
0
7
4
7
5
4
2
0
0
4
0
0
3
4
3
5
4
5
4
9
4
4
7
9
7
5
4
4
10
8
2
5
0
9
0
5
3
9
3
5
4
0
4
4
4
0
7
4
7
5
4
2
0
0
4
0
0
3
4
3
5
4
5
4
9
4
4
7
9
7
5
4
4

61
1
0.665874
59055
0
15
6
2
0
15
6
2
1
0
1
5
1
0
1
5
1
6
1
1
0
0
5
0
0
0
5
0
6
1
1
6
2
1
0
1
5
1
0
1
5
1
6
1
1
0
0
5
0
0
0
5
0
6
1
1

59
-1
0.665862
50240
11
19
3
2
11
19
3
2
1
0
1
2
1
0
1
2
1
3
1
1
0
0
2
0
0
0
2
0
3
1
1
3
2
1
0
1
2
1
0
1
2
1
3
1
1
0
0
2
0
0
0
2
0
3
1
1

477
-1
0.61295
78820
5
5
15
4
5
5
15
4
1
0
2
14
2
0
3
14
3
15
2
1
0
0
14
0
0
1
14
1
15
2
1
15
4
1
0
2
14
2
0
3
14
3
15
2
1
0
0
14
0
0
1
14
1
15
2
1

2
1
0.653008
43246
2
0
1
2
2
0
1
2
1
0
1
0
1
0
1
0
1
1
1
1
0
0
0
0
0
0
0
0
1
1
1
1
2
1
0
1
0
1
0
1
0
1
1
1
1
0
0
0
0
0
0
0
0
1
1
1

1858
1
0.58939
161726
2
1
20
20
2
1
20
20
2
10
0
19
0
10
9
19
9
10
10
0
10
9
10
0
19
9
19
10
10
2
0
0
9
0
0
9
9
9
10
10
10
10
19
10
10
19
19
19
10
10
4
20
20
2
10
0
19
0
10
9
19
9
10
10
0
10
9
10
0
19
9
19
10
10
2
0
0
9
0
0
9
9
9
10
10
10
10
19
10
10
19
19
19
10
10
4

2066
-1
0.632895
156443
8
3
12
10
8
3
12
10
2
6
0
11
0
6
4
11
4
6
5
0
5
5
5
0
9
5
9
6
5
2
0
0
5
0
0
4
5
4
6
5
6
5
11
5
5
9
11
9
6
5
4
12
10
2
6
0
11
0
6
4
11
4
6
5
0
5
5
5
0
9
5
9
6
5
2
0
0
5
0
0
4
5
4
6
5
6
5
11
5
5
9
11
9
6
5
4

495
-1
0.591897
151793
2
16
8
8
2
16
8
8
2
4
0
7
0
4
3
7
3
4
4
0
4
3
4
0
7
3
7
4
4
2
0
0
3
0
0
3
3
3
4
4
4
4
7
4
4
7
7
7
4
4
4
8
8
2
4
0
7
0
4
3
7
3
4
4
0
4
3
4
0
7
3
7
4
4
2
0
0
3
0
0
3
3
3
4
4
4
4
7
4
4
7
7
7
4
4
4

1006
1
0.609223
36935
4
2
16
7
4
2
16
7
1
8
0
15
0
8
6
15
6
8
7
1
0
0
7
0
0
6
7
6
8
7
0
16
7
1
8
0
15
0
8
6
15
6
8
7
1
0
0
7
0
0
6
7
6
8
7
0

54
-1
0.617478
2723
10
3
2
6
10
3
2
6
1
1
0
1
0
1
5
1
5
1
6
1
0
0
0
0
0
5
0
5
1
6
0
2
6
1
1
0
1
0
1
5
1
5
1
6
1
0
0
0
0
0
5
0
5
1
6
0

2
1
0.623778
43216
0
16
1
2
0
16
1
2
1
0
1
0
1
0
1
0
1
1
1
1
0
0
0
0
0
0
0
0
1
1
1
1
2
1
0
1
0
1
0
1
0
1
1
1
1
0
0
0
0
0
0
0
0
1
1
1

3727
1
0.567871
127041
11
4
7
12
11
4
7
12
2
0
0
6
0
0
3
6
3
7
4
0
8
6
8
0
11
6
11
7
4
1
0
4
6
4
0
7
6
7
7
4
3
7
12
2
0
0
6
0
0
3
6
3
7
4
0
8
6
8
0
11
6
11
7
4
1
0
4
6
4
0
7
6
7
7
4
3

552
-1
0.584621
14530
0
19
6
4
0
19
6
4
1
3
0
5
0
3
3
5
3
3
4
1
0
0
2
0
0
3
2
3
3
4
0
6
4
1
3
0
5
0
3
3
5
3
3
4
1
0
0
2
0
0
3
2
3
3
4
0

463
-1
0.624739
87970
2
10
3
4
2
10
3
4
2
0
0
0
0
0
3
0
3
1
4
2
0
2
0
2
3
2
3
1
4
1
1
0
1
0
1
3
1
3
1
4
2
3
4
2
0
0
0
0
0
3
0
3
1
4
2
0
2
0
2
3
2
3
1
4
1
1
0
1
0
1
3
1
3
1
4
2

40
-1
0.561442
50215
10
17
3
2
10
17
3
2
1
0
1
2
1
0
1
2
1
3
1
1
0
0
2
0
0
0
2
0
3
1
1
3
2
1
0
1
2
1
0
1
2
1
3
1
1
0
0
2
0
0
0
2
0
3
1
1

5
1
0.568781
43741
23
12
1
2
23
12
1
2
1
0
1
0
1
0
1
0
1
1
1
1
0
0
0
0
0
0
0
0
1
1
1
1
2
1
0
1
0
1
0
1
0
1
1
1
1
0
0
0
0
0
0
0
0
1
1
1

2945
1
0.546011
113768
0
21
24
3
0
21
24
3
2
0
0
7
0
0
2
7
2
8
3
16
0
23
0
16
2
23
2
8
3
1
8
0
15
0
8
2
15
2
8
3
2
24
3
2
0
0
7
0
0
2
7
2
8
3
16
0
23
0
16
2
23
2
8
3
1
8
0
15
0
8
2
15
2
8
3
2

106
1
0.564262
52180
9
5
3
12
9
5
3
12
1
0
6
2
6
0
11
2
11
3
6
1
0
0
2
0
0
5
2
5
3
6
1
3
12
1
0
6
2
6
0
11
2
11
3
6
1
0
0
2
0
0
5
2
5
3
6
1

31
1
0.622062
7140
10
0
4
1
10
0
4
1
1
2
0
3
0
2
0
3
0
2
1
1
0
0
1
0
0
0
1
0
2
1
0
4
1
1
2
0
3
0
2
0
3
0
2
1
1
0
0
1
0
0
0
1
0
2
1
0

61
-1
0.587594
2313
12
3
2
5
12
3
2
5
1
1
0
1
0
1
4
1
4
1
5
1
0
0
0
0
0
4
0
4
1
5
0
2
5
1
1
0
1
0
1
4
1
4
1
5
1
0
0
0
0
0
4
0
4
1
5
0

25
-1
0.593068
43642
19
5
1
2
19
5
1
2
1
0
1
0
1
0
1
0
1
1
1
1
0
0
0
0
0
0
0
0
1
1
1
1
2
1
0
1
0
1
0
1
0
1
1
1
1
0
0
0
0
0
0
0
0
1
1
1

779
-1
0.565763
151724
16
0
8
6
16
0
8
6
2
4
0
7
0
4
2
7
2
4
3
0
3
3
3
0
5
3
5
4
3
2
0
0
3
0
0
2
3
2
4
3
4
3
7
3
3
5
7
5
4
3
4
8
6
2
4
0
7
0
4
2
7
2
4
3
0
3
3
3
0
5
3
5
4
3
2
0
0
3
0
0
2
3
2
4
3
4
3
7
3
3
5
7
5
4
3
4

1
1
0.605037
43726
22
20
1
2
22
20
1
2
1
0
1
0
1
0
1
0
1
1
1
1
0
0
0
0
0
0
0
0
1
1
1
1
2
1
0
1
0
1
0
1
0
1
1
1
1
0
0
0
0
0
0
0
0
1
1
1

285
1
0.613013
46519
15
4
1
20
15
4
1
20
1
0
10
0
10
0
19
0
19
1
10
1
0
0
0
0
0
9
0
9
1
10
1
1
20
1
0
10
0
10
0
19
0
19
1
10
1
0
0
0
0
0
9
0
9
1
10
1

0.425
24
24
31
2169
-1
0.935033
112745
2
13
21
3
2
13
21
3
2
0
0
6
0
0
2
6
2
7
3
14
0
20
0
14
2
20
2
7
3
1
7
0
13
0
7
2
13
2
7
3
2
21
3
2
0
0
6
0
0
2
6
2
7
3
14
0
20
0
14
2
20
2
7
3
1
7
0
13
0
7
2
13
2
7
3
2

399
-1
0.633642
49064
17
2
2
12
17
2
2
12
1
0
6
1
6
0
11
1
11
2
6
1
0
0
1
0
0
5
1
5
2
6
1
2
12
1
0
6
1
6
0
11
1
11
2
6
1
0
0
1
0
0
5
1
5
2
6
1

1190
1
0.627775
84700
4
0
20
10
4
0
20
10
1
0
5
19
5
0
9
19
9
20
5
1
0
0
19
0
0
4
19
4
20
5
1
20
10
1
0
5
19
5
0
9
19
9
20
5
1
0
0
19
0
0
4
19
4
20
5
1

656
-1
0.614308
71749
7
0
11
4
7
0
11
4
1
0
2
10
2
0
3
10
3
11
2
1
0
0
10
0
0
1
10
1
11
2
1
11
4
1
0
2
10
2
0
3
10
3
11
2
1
0
0
10
0
0
1
10
1
11
2
1

27
1
0.567991
43990
11
7
1
4
11
7
1
4
1
0
2
0
2
0
3
0
3
1
2
1
0
0
0
0
0
1
0
1
1
2
1
1
4
1
0
2
0
2
0
3
0
3
1
2
1
0
0
0
0
0
1
0
1
1
2
1

201
-1
0.569975
149094
16
18
6
6
16
18
6
6
2
3
0
5
0
3
2
5
2
3
3
0
3
2
3
0
5
2
5
3
3
2
0
0
2
0
0
2
2
2
3
3
3
3
5
3
3
5
5
5
3
3
4
6
6
2
3
0
5
0
3
2
5
2
3
3
0
3
2
3
0
5
2
5
3
3
2
0
0
2
0
0
2
2
2
3
3
3
3
5
3
3
5
5
5
3
3
4

1386
1
0.579801
158226
2
3
14
12
2
3
14
12
2
7
0
13
0
7
5
13
5
7
6
0
6
6
6
0
11
6
11
7
6
2
0
0
6
0
0
5
6
5
7
6
7
6
13
6
6
11
13
11
7
6
4
14
12
2
7
0
13
0
7
5
13
5
7
6
0
6
6
6
0
11
6
11
7
6
2
0
0
6
0
0
5
6
5
7
6
7
6
13
6
6
11
13
11
7
6
4

565
-1
0.60548
107544
6
0
15
1
6
0
15
1
2
0
0
4
0
0
0
4
0
5
1
10
0
14
0
10
0
14
0
5
1
1
5
0
9
0
5
0
9
0
5
1
2
15
1
2
0
0
4
0
0
0
4
0
5
1
10
0
14
0
10
0
14
0
5
1
1
5
0
9
0
5
0
9
0
5
1
2

787
1
0.591084
80840
5
0
16
12
5
0
16
12
1
0
6
15
6
0
11
15
11
16
6
1
0
0
15
0
0
5
15
5
16
6
1
16
12
1
0
6
15
6
0
11
15
11
16
6
1
0
0
15
0
0
5
15
5
16
6
1

457
-1
0.638162
78779
3
6
15
4
3
6
15
4
1
0
2
14
2
0
3
14
3
15
2
1
0
0
14
0
0
1
14
1
15
2
1
15
4
1
0
2
14
2
0
3
14
3
15
2
1
0
0
14
0
0
1
14
1
15
2
1

275
1
0.599255
60953
8
4
6
12
8
4
6
12
1
0
6
5
6
0
11
5
11
6
6
1
0
0
5
0
0
5
5
5
6
6
1
6
12
1
0
6
5
6
0
11
5
11
6
6
1
0
0
5
0
0
5
5
5
6
6
1

655
1
0.551275
151420
0
0
8
6
0
0
8
6
2
4
0
7
0
4
2
7
2
4
3
0
3
3
3
0
5
3
5
4
3
2
0
0
3
0
0
2
3
2
4
3
4
3
7
3
3
5
7
5
4
3
4
8
6
2
4
0
7
0
4
2
7
2
4
3
0
3
3
3
0
5
3
5
4
3
2
0
0
3
0
0
2
3
2
4
3
4
3
7
3
3
5
7
5
4
3
4

53
-1
0.559103
46774
5
3
2
2
5
3
2
2
1
0
1
1
1
0
1
1
1
2
1
1
0
0
1
0
0
0
1
0
2
1
1
2
2
1
0
1
1
1
0
1
1
1
2
1
1
0
0
1
0
0
0
1
0
2
1
1

8
1
0.553403
265
11
1
2
1
11
1
2
1
1
1
0
1
0
1
0
1
0
1
1
1
0
0
0
0
0
0
0
0
1
1
0
2
1
1
1
0
1
0
1
0
1
0
1
1
1
0
0
0
0
0
0
0
0
1
1
0

671
1
0.55982
84920
1
0
20
20
1
0
20
20
1
0
10
19
10
0
19
19
19
20
10
1
0
0
19
0
0
9
19
9
20
10
1
20
20
1
0
10
19
10
0
19
19
19
20
10
1
0
0
19
0
0
9
19
9
20
10
1

98
1
0.580073
44466
11
1
1
6
11
1
1
6
1
0
3
0
3
0
5
0
5
1
3
1
0
0
0
0
0
2
0
2
1
3
1
1
6
1
0
3
0
3
0
5
0
5
1
3
1
0
0
0
0
0
2
0
2
1
3
1

121
-1
0.561264
61977
8
17
7
2
8
17
7
2
1
0
1
6
1
0
1
6
1
7
1
1
0
0
6
0
0
0
6
0
7
1
1
7
2
1
0
1
6
1
0
1
6
1
7
1
1
0
0
6
0
0
0
6
0
7
1
1

394
1
0.554814
55017
13
6
4
10
13
6
4
10
1
0
5
3
5
0
9
3
9
4
5
1
0
0
3
0
0
4
3
4
4
5
1
4
10
1
0
5
3
5
0
9
3
9
4
5
1
0
0
3
0
0
4
3
4
4
5
1

92
-1
0.562652
48016
18
6
2
6
18
6
2
6
1
0
3
1
3
0
5
1
5
2
3
1
0
0
1
0
0
2
1
2
2
3
1
2
6
1
0
3
1
3
0
5
1
5
2
3
1
0
0
1
0
0
2
1
2
2
3
1

1
1
0.583635
141664
2
18
2
2
2
18
2
2
2
1
0
1
0
1
0
1
0
1
1
0
1
0
1
0
1
0
1
1
1
2
0
0
0
0
0
0
0
0
1
1
1
1
1
1
1
1
1
1
1
1
4
2
2
2
1
0
1
0
1
0
1
0
1
1
0
1
0
1
0
1
0
1
1
1
2
0
0
0
0
0
0
0
0
1
1
1
1
1
1
1
1
1
1
1
1
4

12
-1
0.574716
43442
10
12
1
2
10
12
1
2
1
0
1
0
1
0
1
0
1
1
1
1
0
0
0
0
0
0
0
0
1
1
1
1
2
1
0
1
0
1
0
1
0
1
1
1
1
0
0
0
0
0
0
0
0
1
1
1

83
1
0.527877
64750
16
14
8
2
16
14
8
2
1
0
1
7
1
0
1
7
1
8
1
1
0
0
7
0
0
0
7
0
8
1
1
8
2
1
0
1
7
1
0
1
7
1
8
1
1
0
0
7
0
0
0
7
0
8
1
1

1
1
0.541187
43204
0
4
1
2
0
4
1
2
1
0
1
0
1
0
1
0
1
1
1
1
0
0
0
0
0
0
0
0
1
1
1
1
2
1
0
1
0
1
0
1
0
1
1
1
1
0
0
0
0
0
0
0
0
1
1
1

1334
-1
0.586377
134499
3
9
13
3
3
9
13
3
2
0
0
12
0
0
0
12
0
13
1
0
2
12
2
0
2
12
2
13
1
1
0
1
12
1
0
1
12
1
13
1
3
13
3
2
0
0
12
0
0
0
12
0
13
1
0
2
12
2
0
2
12
2
13
1
1
0
1
12
1
0
1
12
1
13
1
3

412
1
0.563957
99654
9
4
9
3
9
4
9
3
2
0
0
2
0
0
2
2
2
3
3
6
0
8
0
6
2
8
2
3
3
1
3
0
5
0
3
2
5
2
3
3
2
9
3
2
0
0
2
0
0
2
2
2
3
3
6
0
8
0
6
2
8
2
3
3
1
3
0
5
0
3
2
5
2
3
3
2

133
-1
0.576438
14520
0
9
6
4
0
9
6
4
1
3
0
5
0
3
3
5
3
3
4
1
0
0
2
0
0
3
2
3
3
4
0
6
4
1
3
0
5
0
3
3
5
3
3
4
1
0
0
2
0
0
3
2
3
3
4
0

175
1
0.535935
24391
1
8
10
2
1
8
10
2
1
5
0
9
0
5
1
9
1
5
2
1
0
0
4
0
0
1
4
1
5
2
0
10
2
1
5
0
9
0
5
1
9
1
5
2
1
0
0
4
0
0
1
4
1
5
2
0

44
-1
0.551462
46753
4
5
2
2
4
5
2
2
1
0
1
1
1
0
1
1
1
2
1
1
0
0
1
0
0
0
1
0
2
1
1
2
2
1
0
1
1
1
0
1
1
1
2
1
1
0
0
1
0
0
0
1
0
2
1
1

171
-1
0.550332
9367
8
5
4
6
8
5
4
6
1
2
0
3
0
2
5
3
5
2
6
1
0
0
1
0
0
5
1
5
2
6
0
4
6
1
2
0
3
0
2
5
3
5
2
6
1
0
0
1
0
0
5
1
5
2
6
0

579
1
0.551595
73905
1
18
12
6
1
18
12
6
1
0
3
11
3
0
5
11
5
12
3
1
0
0
11
0
0
2
11
2
12
3
1
12
6
1
0
3
11
3
0
5
11
5
12
3
1
0
0
11
0
0
2
11
2
12
3
1

53
1
0.542423
159858
5
6
16
16
5
6
16
16
2
8
0
15
0
8
7
15
7
8
8
0
8
7
8
0
15
7
15
8
8
2
0
0
7
0
0
7
7
7
8
8
8
8
15
8
8
15
15
15
8
8
4
16
16
2
8
0
15
0
8
7
15
7
8
8
0
8
7
8
0
15
7
15
8
8
2
0
0
7
0
0
7
7
7
8
8
8
8
15
8
8
15
15
15
8
8
4

0.42
24
24
26
17
1
0.791229
141681
3
12
2
2
3
12
2
2
2
1
0
1
0
1
0
1
0
1
1
0
1
0
1
0
1
0
1
1
1
2
0
0
0
0
0
0
0
0
1
1
1
1
1
1
1
1
1
1
1
1
4
2
2
2
1
0
1
0
1
0
1
0
1
1
0
1
0
1
0
1
0
1
1
1
2
0
0
0
0
0
0
0
0
1
1
1
1
1
1
1
1
1
1
1
1
4

749
-1
0.644775
154385
4
5
10
10
4
5
10
10
2
5
0
9
0
5
4
9
4
5
5
0
5
4
5
0
9
4
9
5
5
2
0
0
4
0
0
4
4
4
5
5
5
5
9
5
5
9
9
9
5
5
4
10
10
2
5
0
9
0
5
4
9
4
5
5
0
5
4
5
0
9
4
9
5
5
2
0
0
4
0
0
4
4
4
5
5
5
5
9
5
5
9
9
9
5
5
4

1638
1
0.647609
73093
3
0
11
18
3
0
11
18
1
0
9
10
9
0
17
10
17
11
9
1
0
0
10
0
0
8
10
8
11
9
1
11
18
1
0
9
10
9
0
17
10
17
11
9
1
0
0
10
0
0
8
10
8
11
9
1

0
1
0.654943
43221
0
21
1
2
0
21
1
2
1
0
1
0
1
0
1
0
1
1
1
1
0
0
0
0
0
0
0
0
1
1
1
1
2
1
0
1
0
1
0
1
0
1
1
1
1
0
0
0
0
0
0
0
0
1
1
1

30
1
0.669683
1463
17
8
2
3
17
8
2
3
1
1
0
1
0
1
2
1
2
1
3
1
0
0
0
0
0
2
0
2
1
3
0
2
3
1
1
0
1
0
1
2
1
2
1
3
1
0
0
0
0
0
2
0
2
1
3
0

208
-1
0.64683
149114
18
0
6
6
18
0
6
6
2
3
0
5
0
3
2
5
2
3
3
0
3
2
3
0
5
2
5
3
3
2
0
0
2
0
0
2
2
2
3
3
3
3
5
3
3
5
5
5
3
3
4
6
6
2
3
0
5
0
3
2
5
2
3
3
0
3
2
3
0
5
2
5
3
3
2
0
0
2
0
0
2
2
2
3
3
3
3
5
3
3
5
5
5
3
3
4

9
1
0.602696
43730
23
1
1
2
23
1
1
2
1
0
1
0
1
0
1
0
1
1
1
1
0
0
0
0
0
0
0
0
1
1
1
1
2
1
0
1
0
1
0
1
0
1
1
1
1
0
0
0
0
0
0
0
0
1
1
1

220
-1
0.588627
148772
0
0
6
6
0
0
6
6
2
3
0
5
0
3
2
5
2
3
3
0
3
2
3
0
5
2
5
3
3
2
0
0
2
0
0
2
2
2
3
3
3
3
5
3
3
5
5
5
3
3
4
6
6
2
3
0
5
0
3
2
5
2
3
3
0
3
2
3
0
5
2
5
3
3
2
0
0
2
0
0
2
2
2
3
3
3
3
5
3
3
5
5
5
3
3
4

20
1
0.601317
46916
11
7
2
2
11
7
2
2
1
0
1
1
1
0
1
1
1
2
1
1
0
0
1
0
0
0
1
0
2
1
1
2
2
1
0
1
1
1
0
1
1
1
2
1
1
0
0
1
0
0
0
1
0
2
1
1

1676
1
0.58313
161007
6
0
18
20
6
0
18
20
2
9
0
17
0
9
9
17
9
9
10
0
10
8
10
0
19
8
19
9
10
2
0
0
8
0
0
9
8
9
9
10
9
10
17
10
10
19
17
19
9
10
4
18
20
2
9
0
17
0
9
9
17
9
9
10
0
10
8
10
0
19
8
19
9
10
2
0
0
8
0
0
9
8
9
9
10
9
10
17
10
10
19
17
19
9
10
4

107
1
0.604015
6590
7
0
2
20
7
0
2
20
1
1
0
1
0
1
19
1
19
1
20
1
0
0
0
0
0
19
0
19
1
20
0
2
20
1
1
0
1
0
1
19
1
19
1
20
1
0
0
0
0
0
19
0
19
1
20
0

1701
1
0.589677
113746
0
22
24
2
0
22
24
2
2
0
0
7
0
0
1
7
1
8
2
16
0
23
0
16
1
23
1
8
2
1
8
0
15
0
8
1
15
1
8
2
2
24
2
2
0
0
7
0
0
1
7
1
8
2
16
0
23
0
16
1
23
1
8
2
1
8
0
15
0
8
1
15
1
8
2
2

77
-1
0.569975
56386
9
19
5
2
9
19
5
2
1
0
1
4
1
0
1
4
1
5
1
1
0
0
4
0
0
0
4
0
5
1
1
5
2
1
0
1
4
1
0
1
4
1
5
1
1
0
0
4
0
0
0
4
0
5
1
1

9
1
0.578909
142073
20
13
2
2
20
13
2
2
2
1
0
1
0
1
0
1
0
1
1
0
1
0
1
0
1
0
1
1
1
2
0
0
0
0
0
0
0
0
1
1
1
1
1
1
1
1
1
1
1
1
4
2
2
2
1
0
1
0
1
0
1
0
1
1
0
1
0
1
0
1
0
1
1
1
2
0
0
0
0
0
0
0
0
1
1
1
1
1
1
1
1
1
1
1
1
4

0
1
0.618982
43263
2
17
1
2
2
17
1
2
1
0
1
0
1
0
1
0
1
1
1
1
0
0
0
0
0
0
0
0
1
1
1
1
2
1
0
1
0
1
0
1
0
1
1
1
1
0
0
0
0
0
0
0
0
1
1
1

557
1
0.653438
38595
1
4
18
2
1
4
18
2
1
9
0
17
0
9
1
17
1
9
2
1
0
0
8
0
0
1
8
1
9
2
0
18
2
1
9
0
17
0
9
1
17
1
9
2
1
0
0
8
0
0
1
8
1
9
2
0

168
-1
0.579732
8541
9
3
4
4
9
3
4
4
1
2
0
3
0
2
3
3
3
2
4
1
0
0
1
0
0
3
1
3
2
4
0
4
4
1
2
0
3
0
2
3
3
3
2
4
1
0
0
1
0
0
3
1
3
2
4
0

144
-1
0.573428
149075
15
18
6
6
15
18
6
6
2
3
0
5
0
3
2
5
2
3
3
0
3
2
3
0
5
2
5
3
3
2
0
0
2
0
0
2
2
2
3
3
3
3
5
3
3
5
5
5
3
3
4
6
6
2
3
0
5
0
3
2
5
2
3
3
0
3
2
3
0
5
2
5
3
3
2
0
0
2
0
0
2
2
2
3
3
3
3
5
3
3
5
5
5
3
3
4

81
1
0.560836
6513
16
0
2
19
16
0
2
19
1
1
0
1
0
1
18
1
18
1
19
1
0
0
0
0
0
18
0
18
1
19
0
2
19
1
1
0
1
0
1
18
1
18
1
19
1
0
0
0
0
0
18
0
18
1
19
0

1021
1
0.535162
85766
2
7
22
8
2
7
22
8
1
0
4
21
4
0
7
21
7
22
4
1
0
0
21
0
0
3
21
3
22
4
1
22
8
1
0
4
21
4
0
7
21
7
22
4
1
0
0
21
0
0
3
21
3
22
4
1

1915
-1
0.565746
42386
2
18
22
6
2
18
22
6
1
11
0
21
0
11
5
21
5
11
6
1
0
0
10
0
0
5
10
5
11
6
0
22
6
1
11
0
21
0
11
5
21
5
11
6
1
0
0
10
0
0
5
10
5
11
6
0

1308
-1
0.598863
85362
1
9
21
12
1
9
21
12
1
0
6
20
6
0
11
20
11
21
6
1
0
0
20
0
0
5
20
5
21
6
1
21
12
1
0
6
20
6
0
11
20
11
21
6
1
0
0
20
0
0
5
20
5
21
6
1

183
1
0.554297
158416
6
10
14
14
6
10
14
14
2
7
0
13
0
7
6
13
6
7
7
0
7
6
7
0
13
6
13
7
7
2
0
0
6
0
0
6
6
6
7
7
7
7
13
7
7
13
13
13
7
7
4
14
14
2
7
0
13
0
7
6
13
6
7
7
0
7
6
7
0
13
6
13
7
7
2
0
0
6
0
0
6
6
6
7
7
7
7
13
7
7
13
13
13
7
7
4

940
1
0.59011
154065
0
0
10
8
0
0
10
8
2
5
0
9
0
5
3
9
3
5
4
0
4
4
4
0
7
4
7
5
4
2
0
0
4
0
0
3
4
3
5
4
5
4
9
4
4
7
9
7
5
4
4
10
8
2
5
0
9
0
5
3
9
3
5
4
0
4
4
4
0
7
4
7
5
4
2
0
0
4
0
0
3
4
3
5
4
5
4
9
4
4
7
9
7
5
4
4

594
-1
0.595063
103644
6
0
12
1
6
0
12
1
2
0
0
3
0
0
0
3
0
4
1
8
0
11
0
8
0
11
0
4
1
1
4
0
7
0
4
0
7
0
4
1
2
12
1
2
0
0
3
0
0
0
3
0
4
1
8
0
11
0
8
0
11
0
4
1
1
4
0
7
0
4
0
7
0
4
1
2

142
1
0.50816
46518
15
3
1
20
15
3
1
20
1
0
10
0
10
0
19
0
19
1
10
1
0
0
0
0
0
9
0
9
1
10
1
1
20
1
0
10
0
10
0
19
0
19
1
10
1
0
0
0
0
0
9
0
9
1
10
1

0.41
24
24
26
4552
1
0.887534
111229
3
2
18
6
3
2
18
6
2
0
0
5
0
0
5
5
5
6
6
12
0
17
0
12
5
17
5
6
6
1
6
0
11
0
6
5
11
5
6
6
2
18
6
2
0
0
5
0
0
5
5
5
6
6
12
0
17
0
12
5
17
5
6
6
1
6
0
11
0
6
5
11
5
6
6
2

7
1
0.701954
288
12
0
2
1
12
0
2
1
1
1
0
1
0
1
0
1
0
1
1
1
0
0
0
0
0
0
0
0
1
1
0
2
1
1
1
0
1
0
1
0
1
0
1
1
1
0
0
0
0
0
0
0
0
1
1
0

0
1
0.715713
142123
22
17
2
2
22
17
2
2
2
1
0
1
0
1
0
1
0
1
1
0
1
0
1
0
1
0
1
1
1
2
0
0
0
0
0
0
0
0
1
1
1
1
1
1
1
1
1
1
1
1
4
2
2
2
1
0
1
0
1
0
1
0
1
1
0
1
0
1
0
1
0
1
1
1
2
0
0
0
0
0
0
0
0
1
1
1
1
1
1
1
1
1
1
1
1
4

13
-1
0.648623
43490
12
14
1
2
12
14
1
2
1
0
1
0
1
0
1
0
1
1
1
1
0
0
0
0
0
0
0
0
1
1
1
1
2
1
0
1
0
1
0
1
0
1
1
1
1
0
0
0
0
0
0
0
0
1
1
1

34
1
0.650769
46915
11
6
2
2
11
6
2
2
1
0
1
1
1
0
1
1
1
2
1
1
0
0
1
0
0
0
1
0
2
1
1
2
2
1
0
1
1
1
0
1
1
1
2
1
1
0
0
1
0
0
0
1
0
2
1
1

687
1
0.571405
113723
0
23
24
1
0
23
24
1
2
0
0
7
0
0
0
7
0
8
1
16
0
23
0
16
0
23
0
8
1
1
8
0
15
0
8
0
15
0
8
1
2
24
1
2
0
0
7
0
0
0
7
0
8
1
16
0
23
0
16
0
23
0
8
1
1
8
0
15
0
8
0
15
0
8
1
2

40
1
0.603467
13392
8
0
6
1
8
0
6
1
1
3
0
5
0
3
0
5
0
3
1
1
0
0
2
0
0
0
2
0
3
1
0
6
1
1
3
0
5
0
3
0
5
0
3
1
1
0
0
2
0
0
0
2
0
3
1
0

65
-1
0.5696
50211
10
13
3
2
10
13
3
2
1
0
1
2
1
0
1
2
1
3
1
1
0
0
2
0
0
0
2
0
3
1
1
3
2
1
0
1
2
1
0
1
2
1
3
1
1
0
0
2
0
0
0
2
0
3
1
1

62
1
0.643058
56199
1
16
5
2
1
16
5
2
1
0
1
4
1
0
1
4
1
5
1
1
0
0
4
0
0
0
4
0
5
1
1
5
2
1
0
1
4
1
0
1
4
1
5
1
1
0
0
4
0
0
0
4
0
5
1
1

0
1
0.619632
43745
23
16
1
2
23
16
1
2
1
0
1
0
1
0
1
0
1
1
1
1
0
0
0
0
0
0
0
0
1
1
1
1
2
1
0
1
0
1
0
1
0
1
1
1
1
0
0
0
0
0
0
0
0
1
1
1

15
-1
0.636478
46949
12
17
2
2
12
17
2
2
1
0
1
1
1
0
1
1
1
2
1
1
0
0
1
0
0
0
1
0
2
1
1
2
2
1
0
1
1
1
0
1
1
1
2
1
1
0
0
1
0
0
0
1
0
2
1
1

487
-1
0.564284
21292
11
1
8
7
11
1
8
7
1
4
0
7
0
4
6
7
6
4
7
1
0
0
3
0
0
6
3
6
4
7
0
8
7
1
4
0
7
0
4
6
7
6
4
7
1
0
0
3
0
0
6
3
6
4
7
0

229
1
0.625725
38525
5
5
18
1
5
5
18
1
1
9
0
17
0
9
0
17
0
9
1
1
0
0
8
0
0
0
8
0
9
1
0
18
1
1
9
0
17
0
9
0
17
0
9
1
1
0
0
8
0
0
0
8
0
9
1
0

437
1
0.575905
73225
11
0
11
20
11
0
11
20
1
0
10
10
10
0
19
10
19
11
10
1
0
0
10
0
0
9
10
9
11
10
1
11
20
1
0
10
10
10
0
19
10
19
11
10
1
0
0
10
0
0
9
10
9
11
10
1

1656
-1
0.588304
83988
3
3
19
12
3
3
19
12
1
0
6
18
6
0
11
18
11
19
6
1
0
0
18
0
0
5
18
5
19
6
1
19
12
1
0
6
18
6
0
11
18
11
19
6
1
0
0
18
0
0
5
18
5
19
6
1

1116
1
0.554588
86336
0
0
24
10
0
0
24
10
1
0
5
23
5
0
9
23
9
24
5
1
0
0
23
0
0
4
23
4
24
5
1
24
10
1
0
5
23
5
0
9
23
9
24
5
1
0
0
23
0
0
4
23
4
24
5
1

50
-1
0.530654
145419
1
3
4
4
1
3
4
4
2
2
0
3
0
2
1
3
1
2
2
0
2
1
2
0
3
1
3
2
2
2
0
0
1
0
0
1
1
1
2
2
2
2
3
2
2
3
3
3
2
2
4
4
4
2
2
0
3
0
2
1
3
1
2
2
0
2
1
2
0
3
1
3
2
2
2
0
0
1
0
0
1
1
1
2
2
2
2
3
2
2
3
3
3
2
2
4

6
1
0.561484
43200
0
0
1
2
0
0
1
2
1
0
1
0
1
0
1
0
1
1
1
1
0
0
0
0
0
0
0
0
1
1
1
1
2
1
0
1
0
1
0
1
0
1
1
1
1
0
0
0
0
0
0
0
0
1
1
1

55
-1
0.617557
53554
18
4
4
2
18
4
4
2
1
0
1
3
1
0
1
3
1
4
1
1
0
0
3
0
0
0
3
0
4
1
1
4
2
1
0
1
3
1
0
1
3
1
4
1
1
0
0
3
0
0
0
3
0
4
1
1

13
1
0.525379
46918
11
9
2
2
11
9
2
2
1
0
1
1
1
0
1
1
1
2
1
1
0
0
1
0
0
0
1
0
2
1
1
2
2
1
0
1
1
1
0
1
1
1
2
1
1
0
0
1
0
0
0
1
0
2
1
1

679
-1
0.508439
154475
10
5
10
10
10
5
10
10
2
5
0
9
0
5
4
9
4
5
5
0
5
4
5
0
9
4
9
5
5
2
0
0
4
0
0
4
4
4
5
5
5
5
9
5
5
9
9
9
5
5
4
10
10
2
5
0
9
0
5
4
9
4
5
5
0
5
4
5
0
9
4
9
5
5
2
0
0
4
0
0
4
4
4
5
5
5
5
9
5
5
9
9
9
5
5
4

73
1
0.550634
1853
12
14
2
4
12
14
2
4
1
1
0
1
0
1
3
1
3
1
4
1
0
0
0
0
0
3
0
3
1
4
0
2
4
1
1
0
1
0
1
3
1
3
1
4
1
0
0
0
0
0
3
0
3
1
4
0

58
1
0.640511
40668
2
2
20
2
2
2
20
2
1
10
0
19
0
10
1
19
1
10
2
1
0
0
9
0
0
1
9
1
10
2
0
20
2
1
10
0
19
0
10
1
19
1
10
2
1
0
0
9
0
0
1
9
1
10
2
0

166
1
0.613222
86895
20
15
3
1
20
15
3
1
2
0
0
0
0
0
0
0
0
1
1
2
0
2
0
2
0
2
0
1
1
1
1
0
1
0
1
0
1
0
1
1
2
3
1
2
0
0
0
0
0
0
0
0
1
1
2
0
2
0
2
0
2
0
1
1
1
1
0
1
0
1
0
1
0
1
1
2

367
-1
0.539086
151775
1
15
8
8
1
15
8
8
2
4
0
7
0
4
3
7
3
4
4
0
4
3
4
0
7
3
7
4
4
2
0
0
3
0
0
3
3
3
4
4
4
4
7
4
4
7
7
7
4
4
4
8
8
2
4
0
7
0
4
3
7
3
4
4
0
4
3
4
0
7
3
7
4
4
2
0
0
3
0
0
3
3
3
4
4
4
4
7
4
4
7
7
7
4
4
4

137
1
0.539473
45482
0
2
1
12
0
2
1
12
1
0
6
0
6
0
11
0
11
1
6
1
0
0
0
0
0
5
0
5
1
6
1
1
12
1
0
6
0
6
0
11
0
11
1
6
1
0
0
0
0
0
5
0
5
1
6
1

0.44
24
24
36
570
-1
0.746123
26116
10
1
10
7
10
1
10
7
1
5
0
9
0
5
6
9
6
5
7
1
0
0
4
0
0
6
4
6
5
7
0
10
7
1
5
0
9
0
5
6
9
6
5
7
1
0
0
4
0
0
6
4
6
5
7
0

220
1
0.673979
46534
18
4
1
20
18
4
1
20
1
0
10
0
10
0
19
0
19
1
10
1
0
0
0
0
0
9
0
9
1
10
1
1
20
1
0
10
0
10
0
19
0
19
1
10
1
0
0
0
0
0
9
0
9
1
10
1

8
1
0.591018
240
10
0
2
1
10
0
2
1
1
1
0
1
0
1
0
1
0
1
1
1
0
0
0
0
0
0
0
0
1
1
0
2
1
1
1
0
1
0
1
0
1
0
1
1
1
0
0
0
0
0
0
0
0
1
1
0

0
1
0.659263
43745
23
16
1
2
23
16
1
2
1
0
1
0
1
0
1
0
1
1
1
1
0
0
0
0
0
0
0
0
1
1
1
1
2
1
0
1
0
1
0
1
0
1
1
1
1
0
0
0
0
0
0
0
0
1
1
1

1865
1
0.677129
156784
9
1
12
14
9
1
12
14
2
6
0
11
0
6
6
11
6
6
7
0
7
5
7
0
13
5
13
6
7
2
0
0
5
0
0
6
5
6
6
7
6
7
11
7
7
13
11
13
6
7
4
12
14
2
6
0
11
0
6
6
11
6
6
7
0
7
5
7
0
13
5
13
6
7
2
0
0
5
0
0
6
5
6
6
7
6
7
11
7
7
13
11
13
6
7
4

547
-1
0.558392
79101
9
10
15
6
9
10
15
6
1
0
3
14
3
0
5
14
5
15
3
1
0
0
14
0
0
2
14
2
15
3
1
15
6
1
0
3
14
3
0
5
14
5
15
3
1
0
0
14
0
0
2
14
2
15
3
1

0
1
0.542382
142127
22
21
2
2
22
21
2
2
2
1
0
1
0
1
0
1
0
1
1
0
1
0
1
0
1
0
1
1
1
2
0
0
0
0
0
0
0
0
1
1
1
1
1
1
1
1
1
1
1
1
4
2
2
2
1
0
1
0
1
0
1
0
1
1
0
1
0
1
0
1
0
1
1
1
2
0
0
0
0
0
0
0
0
1
1
1
1
1
1
1
1
1
1
1
1
4

122
1
0.634222
56371
9
4
5
2
9
4
5
2
1
0
1
4
1
0
1
4
1
5
1
1
0
0
4
0
0
0
4
0
5
1
1
5
2
1
0
1
4
1
0
1
4
1
5
1
1
0
0
4
0
0
0
4
0
5
1
1

1282
-1
0.567428
153396
12
0
10
2
12
0
10
2
2
5
0
9
0
5
0
9
0
5
1
0
1
4
1
0
1
4
1
5
1
2
0
0
4
0
0
0
4
0
5
1
5
1
9
1
1
1
9
1
5
1
4
10
2
2
5
0
9
0
5
0
9
0
5
1
0
1
4
1
0
1
4
1
5
1
2
0
0
4
0
0
0
4
0
5
1
5
1
9
1
1
1
9
1
5
1
4

7090
1
0.547282
138628
0
12
17
9
0
12
17
9
2
0
0
16
0
0
2
16
2
17
3
0
6
16
6
0
8
16
8
17
3
1
0
3
16
3
0
5
16
5
17
3
3
17
9
2
0
0
16
0
0
2
16
2
17
3
0
6
16
6
0
8
16
8
17
3
1
0
3
16
3
0
5
16
5
17
3
3

0
1
0.529217
43723
22
17
1
2
22
17
1
2
1
0
1
0
1
0
1
0
1
1
1
1
0
0
0
0
0
0
0
0
1
1
1
1
2
1
0
1
0
1
0
1
0
1
1
1
1
0
0
0
0
0
0
0
0
1
1
1

71
1
0.638451
2308
11
18
2
5
11
18
2
5
1
1
0
1
0
1
4
1
4
1
5
1
0
0
0
0
0
4
0
4
1
5
0
2
5
1
1
0
1
0
1
4
1
4
1
5
1
0
0
0
0
0
4
0
4
1
5
0

251
-1
0.59061
152031
16
16
8
8
16
16
8
8
2
4
0
7
0
4
3
7
3
4
4
0
4
3
4
0
7
3
7
4
4
2
0
0
3
0
0
3
3
3
4
4
4
4
7
4
4
7
7
7
4
4
4
8
8
2
4
0
7
0
4
3
7
3
4
4
0
4
3
4
0
7
3
7
4
4
2
0
0
3
0
0
3
3
3
4
4
4
4
7
4
4
7
7
7
4
4
4

0
1
0.516558
142120
22
14
2
2
22
14
2
2
2
1
0
1
0
1
0
1
0
1
1
0
1
0
1
0
1
0
1
1
1
2
0
0
0
0
0
0
0
0
1
1
1
1
1
1
1
1
1
1
1
1
4
2
2
2
1
0
1
0
1
0
1
0
1
1
0
1
0
1
0
1
0
1
1
1
2
0
0
0
0
0
0
0
0
1
1
1
1
1
1
1
1
1
1
1
1
4

172
-1
0.627915
93232
9
16
6
1
9
16
6
1
2
0
0
1
0
0
0
1
0
2
1
4
0
5
0
4
0
5
0
2
1
1
2
0
3
0
2
0
3
0
2
1
2
6
1
2
0
0
1
0
0
0
1
0
2
1
4
0
5
0
4
0
5
0
2
1
1
2
0
3
0
2
0
3
0
2
1
2

256
1
0.565489
103649
6
5
12
1
6
5
12
1
2
0
0
3
0
0
0
3
0
4
1
8
0
11
0
8
0
11
0
4
1
1
4
0
7
0
4
0
7
0
4
1
2
12
1
2
0
0
3
0
0
0
3
0
4
1
8
0
11
0
8
0
11
0
4
1
1
4
0
7
0
4
0
7
0
4
1
2

239
1
0.487848
46484
8
4
1
20
8
4
1
20
1
0
10
0
10
0
19
0
19
1
10
1
0
0
0
0
0
9
0
9
1
10
1
1
20
1
0
10
0
10
0
19
0
19
1
10
1
0
0
0
0
0
9
0
9
1
10
1

393
1
0.516912
158551
10
0
14
16
10
0
14
16
2
7
0
13
0
7
7
13
7
7
8
0
8
6
8
0
15
6
15
7
8
2
0
0
6
0
0
7
6
7
7
8
7
8
13
8
8
15
13
15
7
8
4
14
16
2
7
0
13
0
7
7
13
7
7
8
0
8
6
8
0
15
6
15
7
8
2
0
0
6
0
0
7
6
7
7
8
7
8
13
8
8
15
13
15
7
8
4

18
1
0.58087
433
18
1
2
1
18
1
2
1
1
1
0
1
0
1
0
1
0
1
1
1
0
0
0
0
0
0
0
0
1
1
0
2
1
1
1
0
1
0
1
0
1
0
1
1
1
0
0
0
0
0
0
0
0
1
1
0

45
-1
0.533178
7553
6
11
4
2
6
11
4
2
1
2
0
3
0
2
1
3
1
2
2
1
0
0
1
0
0
1
1
1
2
2
0
4
2
1
2
0
3
0
2
1
3
1
2
2
1
0
0
1
0
0
1
1
1
2
2
0

199
1
0.530572
36012
4
4
16
2
4
4
16
2
1
8
0
15
0
8
1
15
1
8
2
1
0
0
7
0
0
1
7
1
8
2
0
16
2
1
8
0
15
0
8
1
15
1
8
2
1
0
0
7
0
0
1
7
1
8
2
0

15
1
0.509088
50451
21
0
3
2
21
0
3
2
1
0
1
2
1
0
1
2
1
3
1
1
0
0
2
0
0
0
2
0
3
1
1
3
2
1
0
1
2
1
0
1
2
1
3
1
1
0
0
2
0
0
0
2
0
3
1
1

24
-1
0.53595
7380
20
0
4
1
20
0
4
1
1
2
0
3
0
2
0
3
0
2
1
1
0
0
1
0
0
0
1
0
2
1
0
4
1
1
2
0
3
0
2
0
3
0
2
1
1
0
0
1
0
0
0
1
0
2
1
0

32
-1
0.511359
46927
11
18
2
2
11
18
2
2
1
0
1
1
1
0
1
1
1
2
1
1
0
0
1
0
0
0
1
0
2
1
1
2
2
1
0
1
1
1
0
1
1
1
2
1
1
0
0
1
0
0
0
1
0
2
1
1

41
1
0.546299
67009
8
9
9
2
8
9
9
2
1
0
1
8
1
0
1
8
1
9
1
1
0
0
8
0
0
0
8
0
9
1
1
9
2
1
0
1
8
1
0
1
8
1
9
1
1
0
0
8
0
0
0
8
0
9
1
1

25
-1
0.538918
812
11
7
2
2
11
7
2
2
1
1
0
1
0
1
1
1
1
1
2
1
0
0
0
0
0
1
0
1
1
2
0
2
2
1
1
0
1
0
1
1
1
1
1
2
1
0
0
0
0
0
1
0
1
1
2
0

1206
-1
0.479741
154303
14
0
10
8
14
0
10
8
2
5
0
9
0
5
3
9
3
5
4
0
4
4
4
0
7
4
7
5
4
2
0
0
4
0
0
3
4
3
5
4
5
4
9
4
4
7
9
7
5
4
4
10
8
2
5
0
9
0
5
3
9
3
5
4
0
4
4
4
0
7
4
7
5
4
2
0
0
4
0
0
3
4
3
5
4
5
4
9
4
4
7
9
7
5
4
4

405
1
0.491147
115352
23
0
1
9
23
0
1
9
2
0
0
0
0
0
2
0
2
1
3
0
6
0
6
0
8
0
8
1
3
1
0
3
0
3
0
5
0
5
1
3
3
1
9
2
0
0
0
0
0
2
0
2
1
3
0
6
0
6
0
8
0
8
1
3
1
0
3
0
3
0
5
0
5
1
3
3

19
1
0.498427
46939
12
7
2
2
12
7
2
2
1
0
1
1
1
0
1
1
1
2
1
1
0
0
1
0
0
0
1
0
2
1
1
2
2
1
0
1
1
1
0
1
1
1
2
1
1
0
0
1
0
0
0
1
0
2
1
1

83
-1
0.561133
56404
10
14
5
2
10
14
5
2
1
0
1
4
1
0
1
4
1
5
1
1
0
0
4
0
0
0
4
0
5
1
1
5
2
1
0
1
4
1
0
1
4
1
5
1
1
0
0
4
0
0
0
4
0
5
1
1

8
1
0.507196
288
12
0
2
1
12
0
2
1
1
1
0
1
0
1
0
1
0
1
1
1
0
0
0
0
0
0
0
0
1
1
0
2
1
1
1
0
1
0
1
0
1
0
1
1
1
0
0
0
0
0
0
0
0
1
1
0

0
1
0.57135
142124
22
18
2
2
22
18
2
2
2
1
0
1
0
1
0
1
0
1
1
0
1
0
1
0
1
0
1
1
1
2
0
0
0
0
0
0
0
0
1
1
1
1
1
1
1
1
1
1
1
1
4
2
2
2
1
0
1
0
1
0
1
0
1
1
0
1
0
1
0
1
0
1
1
1
2
0
0
0
0
0
0
0
0
1
1
1
1
1
1
1
1
1
1
1
1
4

508
-1
0.605068
75759
3
6
13
6
3
6
13
6
1
0
3
12
3
0
5
12
5
13
3
1
0
0
12
0
0
2
12
2
13
3
1
13
6
1
0
3
12
3
0
5
12
5
13
3
1
0
0
12
0
0
2
12
2
13
3
1

87
1
0.597819
66836
0
20
9
2
0
20
9
2
1
0
1
8
1
0
1
8
1
9
1
1
0
0
8
0
0
0
8
0
9
1
1
9
2
1
0
1
8
1
0
1
8
1
9
1
1
0
0
8
0
0
0
8
0
9
1
1

1006
1
0.569957
79760
0
0
15
18
0
0
15
18
1
0
9
14
9
0
17
14
17
15
9
1
0
0
14
0
0
8
14
8
15
9
1
15
18
1
0
9
14
9
0
17
14
17
15
9
1
0
0
14
0
0
8
14
8
15
9
1

210
-1
0.599669
151776
1
16
8
8
1
16
8
8
2
4
0
7
0
4
3
7
3
4
4
0
4
3
4
0
7
3
7
4
4
2
0
0
3
0
0
3
3
3
4
4
4
4
7
4
4
7
7
7
4
4
4
8
8
2
4
0
7
0
4
3
7
3
4
4
0
4
3
4
0
7
3
7
4
4
2
0
0
3
0
0
3
3
3
4
4
4
4
7
4
4
7
7
7
4
4
4

0.42
24
24
31
1844
1
0.841635
158226
2
3
14
12
2
3
14
12
2
7
0
13
0
7
5
13
5
7
6
0
6
6
6
0
11
6
11
7
6
2
0
0
6
0
0
5
6
5
7
6
7
6
13
6
6
11
13
11
7
6
4
14
12
2
7
0
13
0
7
5
13
5
7
6
0
6
6
6
0
11
6
11
7
6
2
0
0
6
0
0
5
6
5
7
6
7
6
13
6
6
11
13
11
7
6
4

162
1
0.692575
51114
9
7
3
6
9
7
3
6
1
0
3
2
3
0
5
2
5
3
3
1
0
0
2
0
0
2
2
2
3
3
1
3
6
1
0
3
2
3
0
5
2
5
3
3
1
0
0
2
0
0
2
2
2
3
3
1

68
-1
0.626294
1305
10
4
2
3
10
4
2
3
1
1
0
1
0
1
2
1
2
1
3
1
0
0
0
0
0
2
0
2
1
3
0
2
3
1
1
0
1
0
1
2
1
2
1
3
1
0
0
0
0
0
2
0
2
1
3
0

909
1
0.581155
31010
11
5
12
10
11
5
12
10
1
6
0
11
0
6
9
11
9
6
10
1
0
0
5
0
0
9
5
9
6
10
0
12
10
1
6
0
11
0
6
9
11
9
6
10
1
0
0
5
0
0
9
5
9
6
10
0

2802
-1
0.575973
86383
0
8
24
16
0
8
24
16
1
0
8
23
8
0
15
23
15
24
8
1
0
0
23
0
0
7
23
7
24
8
1
24
16
1
0
8
23
8
0
15
23
15
24
8
1
0
0
23
0
0
7
23
7
24
8
1

156
1
0.573064
32925
0
8
14
3
0
8
14
3
1
7
0
13
0
7
2
13
2
7
3
1
0
0
6
0
0
2
6
2
7
3
0
14
3
1
7
0
13
0
7
2
13
2
7
3
1
0
0
6
0
0
2
6
2
7
3
0

81
1
0.614169
66830
0
14
9
2
0
14
9
2
1
0
1
8
1
0
1
8
1
9
1
1
0
0
8
0
0
0
8
0
9
1
1
9
2
1
0
1
8
1
0
1
8
1
9
1
1
0
0
8
0
0
0
8
0
9
1
1

90
-1
0.542588
2763
12
5
2
6
12
5
2
6
1
1
0
1
0
1
5
1
5
1
6
1
0
0
0
0
0
5
0
5
1
6
0
2
6
1
1
0
1
0
1
5
1
5
1
6
1
0
0
0
0
0
5
0
5
1
6
0

915
1
0.529923
68275
11
14
9
10
11
14
9
10
1
0
5
8
5
0
9
8
9
9
5
1
0
0
8
0
0
4
8
4
9
5
1
9
10
1
0
5
8
5
0
9
8
9
9
5
1
0
0
8
0
0
4
8
4
9
5
1

76
-1
0.555283
46881
9
18
2
2
9
18
2
2
1
0
1
1
1
0
1
1
1
2
1
1
0
0
1
0
0
0
1
0
2
1
1
2
2
1
0
1
1
1
0
1
1
1
2
1
1
0
0
1
0
0
0
1
0
2
1
1

76
1
0.545729
2410
17
0
2
5
17
0
2
5
1
1
0
1
0
1
4
1
4
1
5
1
0
0
0
0
0
4
0
4
1
5
0
2
5
1
1
0
1
0
1
4
1
4
1
5
1
0
0
0
0
0
4
0
4
1
5
0

696
1
0.544147
161007
6
0
18
20
6
0
18
20
2
9
0
17
0
9
9
17
9
9
10
0
10
8
10
0
19
8
19
9
10
2
0
0
8
0
0
9
8
9
9
10
9
10
17
10
10
19
17
19
9
10
4
18
20
2
9
0
17
0
9
9
17
9
9
10
0
10
8
10
0
19
8
19
9
10
2
0
0
8
0
0
9
8
9
9
10
9
10
17
10
10
19
17
19
9
10
4

204
-1
0.541371
114617
4
13
1
6
4
13
1
6
2
0
0
0
0
0
1
0
1
1
2
0
4
0
4
0
5
0
5
1
2
1
0
2
0
2
0
3
0
3
1
2
3
1
6
2
0
0
0
0
0
1
0
1
1
2
0
4
0
4
0
5
0
5
1
2
1
0
2
0
2
0
3
0
3
1
2
3

308
1
0.502587
151420
0
0
8
6
0
0
8
6
2
4
0
7
0
4
2
7
2
4
3
0
3
3
3
0
5
3
5
4
3
2
0
0
3
0
0
2
3
2
4
3
4
3
7
3
3
5
7
5
4
3
4
8
6
2
4
0
7
0
4
2
7
2
4
3
0
3
3
3
0
5
3
5
4
3
2
0
0
3
0
0
2
3
2
4
3
4
3
7
3
3
5
7
5
4
3
4

10
1
0.508436
312
13
0
2
1
13
0
2
1
1
1
0
1
0
1
0
1
0
1
1
1
0
0
0
0
0
0
0
0
1
1
0
2
1
1
1
0
1
0
1
0
1
0
1
1
1
0
0
0
0
0
0
0
0
1
1
0

875
1
0.501738
84102
1
3
19
16
1
3
19
16
1
0
8
18
8
0
15
18
15
19
8
1
0
0
18
0
0
7
18
7
19
8
1
19
16
1
0
8
18
8
0
15
18
15
19
8
1
0
0
18
0
0
7
18
7
19
8
1

114
-1
0.560993
149031
13
12
6
6
13
12
6
6
2
3
0
5
0
3
2
5
2
3
3
0
3
2
3
0
5
2
5
3
3
2
0
0
2
0
0
2
2
2
3
3
3
3
5
3
3
5
5
5
3
3
4
6
6
2
3
0
5
0
3
2
5
2
3
3
0
3
2
3
0
5
2
5
3
3
2
0
0
2
0
0
2
2
2
3
3
3
3
5
3
3
5
5
5
3
3
4

20
1
0.510068
827
11
22
2
2
11
22
2
2
1
1
0
1
0
1
1
1
1
1
2
1
0
0
0
0
0
1
0
1
1
2
0
2
2
1
1
0
1
0
1
1
1
1
1
2
1
0
0
0
0
0
1
0
1
1
2
0

115
1
0.519865
103674
7
6
12
1
7
6
12
1
2
0
0
3
0
0
0
3
0
4
1
8
0
11
0
8
0
11
0
4
1
1
4
0
7
0
4
0
7
0
4
1
2
12
1
2
0
0
3
0
0
0
3
0
4
1
8
0
11
0
8
0
11
0
4
1
1
4
0
7
0
4
0
7
0
4
1
2

653
1
0.565228
57893
8
13
5
10
8
13
5
10
1
0
5
4
5
0
9
4
9
5
5
1
0
0
4
0
0
4
4
4
5
5
1
5
10
1
0
5
4
5
0
9
4
9
5
5
1
0
0
4
0
0
4
4
4
5
5
1

40
-1
0.539447
145707
14
18
4
4
14
18
4
4
2
2
0
3
0
2
1
3
1
2
2
0
2
1
2
0
3
1
3
2
2
2
0
0
1
0
0
1
1
1
2
2
2
2
3
2
2
3
3
3
2
2
4
4
4
2
2
0
3
0
2
1
3
1
2
2
0
2
1
2
0
3
1
3
2
2
2
0
0
1
0
0
1
1
1
2
2
2
2
3
2
2
3
3
3
2
2
4

83
-1
0.486055
53482
15
1
4
2
15
1
4
2
1
0
1
3
1
0
1
3
1
4
1
1
0
0
3
0
0
0
3
0
4
1
1
4
2
1
0
1
3
1
0
1
3
1
4
1
1
0
0
3
0
0
0
3
0
4
1
1

11
1
0.529851
43744
23
15
1
2
23
15
1
2
1
0
1
0
1
0
1
0
1
1
1
1
0
0
0
0
0
0
0
0
1
1
1
1
2
1
0
1
0
1
0
1
0
1
1
1
1
0
0
0
0
0
0
0
0
1
1
1

24
1
0.551378
86266
0
10
24
2
0
10
24
2
1
0
1
23
1
0
1
23
1
24
1
1
0
0
23
0
0
0
23
0
24
1
1
24
2
1
0
1
23
1
0
1
23
1
24
1
1
0
0
23
0
0
0
23
0
24
1
1

31
-1
0.575775
8337
20
10
4
3
20
10
4
3
1
2
0
3
0
2
2
3
2
2
3
1
0
0
1
0
0
2
1
2
2
3
0
4
3
1
2
0
3
0
2
2
3
2
2
3
1
0
0
1
0
0
2
1
2
2
3
0

1
1
0.477631
168
7
0
2
1
7
0
2
1
1
1
0
1
0
1
0
1
0
1
1
1
0
0
0
0
0
0
0
0
1
1
0
2
1
1
1
0
1
0
1
0
1
0
1
1
1
0
0
0
0
0
0
0
0
1
1
0

1465
-1
0.577032
104362
11
9
12
3
11
9
12
3
2
0
0
3
0
0
2
3
2
4
3
8
0
11
0
8
2
11
2
4
3
1
4
0
7
0
4
2
7
2
4
3
2
12
3
2
0
0
3
0
0
2
3
2
4
3
8
0
11
0
8
2
11
2
4
3
1
4
0
7
0
4
2
7
2
4
3
2

45
-1
0.519372
46928
11
19
2
2
11
19
2
2
1
0
1
1
1
0
1
1
1
2
1
1
0
0
1
0
0
0
1
0
2
1
1
2
2
1
0
1
1
1
0
1
1
1
2
1
1
0
0
1
0
0
0
1
0
2
1
1

17
1
0.485458
47162
22
0
2
2
22
0
2
2
1
0
1
1
1
0
1
1
1
2
1
1
0
0
1
0
0
0
1
0
2
1
1
2
2
1
0
1
1
1
0
1
1
1
2
1
1
0
0
1
0
0
0
1
0
2
1
1

57
-1
0.500946
1821
11
3
2
4
11
3
2
4
1
1
0
1
0
1
3
1
3
1
4
1
0
0
0
0
0
3
0
3
1
4
0
2
4
1
1
0
1
0
1
3
1
3
1
4
1
0
0
0
0
0
3
0
3
1
4
0

856
1
0.47786
116081
23
0
1
18
23
0
1
18
2
0
0
0
0
0
5
0
5
1
6
0
12
0
12
0
17
0
17
1
6
1
0
6
0
6
0
11
0
11
1
6
3
1
18
2
0
0
0
0
0
5
0
5
1
6
0
12
0
12
0
17
0
17
1
6
1
0
6
0
6
0
11
0
11
1
6
3

