5
0.28
24
24
3
3996
-1
2.47182
69102
2
4
20
9
2
4
20
9
1
0
4
19
4
0
8
19
8
20
5
1
0
0
19
0
0
3
19
3
20
4
1
20
9
1
0
4
19
4
0
8
19
8
20
5
1
0
0
19
0
0
3
19
3
20
4
1

122
-1
2.30084
211
11
2
6
6
11
2
6
6
1
3
0
5
0
3
5
5
5
3
6
1
0
0
2
0
0
5
2
5
3
6
0
6
6
1
3
0
5
0
3
5
5
5
3
6
1
0
0
2
0
0
5
2
5
3
6
0

1423
1
1.86773
57563
1
10
13
9
1
10
13
9
1
0
4
12
4
0
8
12
8
13
5
1
0
0
12
0
0
3
12
3
13
4
1
13
9
1
0
4
12
4
0
8
12
8
13
5
1
0
0
12
0
0
3
12
3
13
4
1

0.29
24
24
3
3363
-1
2.27303
68932
2
5
20
7
2
5
20
7
1
0
3
19
3
0
6
19
6
20
4
1
0
0
19
0
0
2
19
2
20
3
1
20
7
1
0
3
19
3
0
6
19
6
20
4
1
0
0
19
0
0
2
19
2
20
3
1

2488
1
1.80866
71258
1
10
23
11
1
10
23
11
1
0
5
22
5
0
10
22
10
23
6
1
0
0
22
0
0
4
22
4
23
5
1
23
11
1
0
5
22
5
0
10
22
10
23
6
1
0
0
22
0
0
4
22
4
23
5
1

341
-1
2.08286
35968
13
0
6
6
13
0
6
6
1
0
3
5
3
0
5
5
5
6
3
1
0
0
5
0
0
2
5
2
6
3
1
6
6
1
0
3
5
3
0
5
5
5
6
3
1
0
0
5
0
0
2
5
2
6
3
1

0.3
24
24
6
623
-1
2.15867
66401
3
5
18
6
3
5
18
6
1
0
3
17
3
0
5
17
5
18
3
1
0
0
17
0
0
2
17
2
18
3
1
18
6
1
0
3
17
3
0
5
17
5
18
3
1
0
0
17
0
0
2
17
2
18
3
1

1440
-1
1.33138
36141
3
5
6
7
3
5
6
7
1
0
3
5
3
0
6
5
6
6
4
1
0
0
5
0
0
2
5
2
6
3
1
6
7
1
0
3
5
3
0
6
5
6
6
4
1
0
0
5
0
0
2
5
2
6
3
1

4266
1
1.64034
70362
0
5
21
17
0
5
21
17
1
0
8
20
8
0
16
20
16
21
9
1
0
0
20
0
0
7
20
7
21
8
1
21
17
1
0
8
20
8
0
16
20
16
21
9
1
0
0
20
0
0
7
20
7
21
8
1

645
-1
1.56956
61350
6
0
15
6
6
0
15
6
1
0
3
14
3
0
5
14
5
15
3
1
0
0
14
0
0
2
14
2
15
3
1
15
6
1
0
3
14
3
0
5
14
5
15
3
1
0
0
14
0
0
2
14
2
15
3
1

881
-1
1.21516
13248
0
18
10
6
0
18
10
6
1
5
0
9
0
5
5
9
5
5
6
1
0
0
4
0
0
5
4
5
5
6
0
10
6
1
5
0
9
0
5
5
9
5
5
6
1
0
0
4
0
0
5
4
5
5
6
0

1075
-1
1.25769
43060
1
5
8
7
1
5
8
7
1
0
3
7
3
0
6
7
6
8
4
1
0
0
7
0
0
2
7
2
8
3
1
8
7
1
0
3
7
3
0
6
7
6
8
4
1
0
0
7
0
0
2
7
2
8
3
1

0.23
24
24
4
216
-1
1.79956
135
7
2
6
6
7
2
6
6
1
3
0
5
0
3
5
5
5
3
6
1
0
0
2
0
0
5
2
5
3
6
0
6
6
1
3
0
5
0
3
5
5
5
3
6
1
0
0
2
0
0
5
2
5
3
6
0

2766
1
1.48094
71181
0
9
23
9
0
9
23
9
1
0
4
22
4
0
8
22
8
23
5
1
0
0
22
0
0
3
22
3
23
4
1
23
9
1
0
4
22
4
0
8
22
8
23
5
1
0
0
22
0
0
3
22
3
23
4
1

1378
-1
1.3614
36140
3
4
6
7
3
4
6
7
1
0
3
5
3
0
6
5
6
6
4
1
0
0
5
0
0
2
5
2
6
3
1
6
7
1
0
3
5
3
0
6
5
6
6
4
1
0
0
5
0
0
2
5
2
6
3
1

2817
1
1.41774
60953
2
0
14
18
2
0
14
18
1
0
9
13
9
0
17
13
17
14
9
1
0
0
13
0
0
8
13
8
14
9
1
14
18
1
0
9
13
9
0
17
13
17
14
9
1
0
0
13
0
0
8
13
8
14
9
1

0.215
24
24
6
814
-1
1.77245
66420
4
5
18
6
4
5
18
6
1
0
3
17
3
0
5
17
5
18
3
1
0
0
17
0
0
2
17
2
18
3
1
18
6
1
0
3
17
3
0
5
17
5
18
3
1
0
0
17
0
0
2
17
2
18
3
1

929
1
1.50346
52638
6
0
11
9
6
0
11
9
1
0
4
10
4
0
8
10
8
11
5
1
0
0
10
0
0
3
10
3
11
4
1
11
9
1
0
4
10
4
0
8
10
8
11
5
1
0
0
10
0
0
3
10
3
11
4
1

1667
-1
1.34303
11150
5
0
9
9
5
0
9
9
1
4
0
8
0
4
8
8
8
5
9
1
0
0
3
0
0
8
3
8
4
9
0
9
9
1
4
0
8
0
4
8
8
8
5
9
1
0
0
3
0
0
8
3
8
4
9
0

2513
1
1.2702
69571
0
5
20
17
0
5
20
17
1
0
8
19
8
0
16
19
16
20
9
1
0
0
19
0
0
7
19
7
20
8
1
20
17
1
0
8
19
8
0
16
19
16
20
9
1
0
0
19
0
0
7
19
7
20
8
1

452
-1
1.12332
54508
4
0
12
6
4
0
12
6
1
0
3
11
3
0
5
11
5
12
3
1
0
0
11
0
0
2
11
2
12
3
1
12
6
1
0
3
11
3
0
5
11
5
12
3
1
0
0
11
0
0
2
11
2
12
3
1

299
-1
1.08736
6995
0
2
8
6
0
2
8
6
1
4
0
7
0
4
5
7
5
4
6
1
0
0
3
0
0
5
3
5
4
6
0
8
6
1
4
0
7
0
4
5
7
5
4
6
1
0
0
3
0
0
5
3
5
4
6
0

