7
0.1
24
24
2
843
-1
2.04262
67724
3
5
19
6
3
5
19
6
1
0
3
18
3
0
5
18
5
19
3
1
0
0
18
0
0
2
18
2
19
3
1
19
6
1
0
3
18
3
0
5
18
5
19
3
1
0
0
18
0
0
2
18
2
19
3
1

233
-1
1.35298
210
11
1
6
6
11
1
6
6
1
3
0
5
0
3
5
5
5
3
6
1
0
0
2
0
0
5
2
5
3
6
0
6
6
1
3
0
5
0
3
5
5
5
3
6
1
0
0
2
0
0
5
2
5
3
6
0

0.2
24
24
5
4052
-1
1.60858
68038
3
4
19
9
3
4
19
9
1
0
4
18
4
0
8
18
8
19
5
1
0
0
18
0
0
3
18
3
19
4
1
19
9
1
0
4
18
4
0
8
18
8
19
5
1
0
0
18
0
0
3
18
3
19
4
1

1423
1
1.26257
48835
7
0
9
21
7
0
9
21
1
0
10
8
10
0
20
8
20
9
11
1
0
0
8
0
0
9
8
9
9
10
1
9
21
1
0
10
8
10
0
20
8
20
9
11
1
0
0
8
0
0
9
8
9
9
10
1

850
-1
1.19832
61331
5
0
15
6
5
0
15
6
1
0
3
14
3
0
5
14
5
15
3
1
0
0
14
0
0
2
14
2
15
3
1
15
6
1
0
3
14
3
0
5
14
5
15
3
1
0
0
14
0
0
2
14
2
15
3
1

460
1
1.04783
3820
12
1
7
6
12
1
7
6
1
3
0
6
0
3
5
6
5
4
6
1
0
0
2
0
0
5
2
5
3
6
0
7
6
1
3
0
6
0
3
5
6
5
4
6
1
0
0
2
0
0
5
2
5
3
6
0

2082
1
0.869425
71298
0
10
23
13
0
10
23
13
1
0
6
22
6
0
12
22
12
23
7
1
0
0
22
0
0
5
22
5
23
6
1
23
13
1
0
6
22
6
0
12
22
12
23
7
1
0
0
22
0
0
5
22
5
23
6
1

0.225
24
24
7
3755
-1
1.32493
69857
2
4
21
7
2
4
21
7
1
0
3
20
3
0
6
20
6
21
4
1
0
0
20
0
0
2
20
2
21
3
1
21
7
1
0
3
20
3
0
6
20
6
21
4
1
0
0
20
0
0
2
20
2
21
3
1

1225
1
1.20367
59831
5
0
14
9
5
0
14
9
1
0
4
13
4
0
8
13
8
14
5
1
0
0
13
0
0
3
13
3
14
4
1
14
9
1
0
4
13
4
0
8
13
8
14
5
1
0
0
13
0
0
3
13
3
14
4
1

1529
-1
1.14497
10884
5
1
9
8
5
1
9
8
1
4
0
8
0
4
7
8
7
5
8
1
0
0
3
0
0
7
3
7
4
8
0
9
8
1
4
0
8
0
4
7
8
7
5
8
1
0
0
3
0
0
7
3
7
4
8
0

620
1
0.96757
10708
11
0
9
7
11
0
9
7
1
4
0
8
0
4
6
8
6
5
7
1
0
0
3
0
0
6
3
6
4
7
0
9
7
1
4
0
8
0
4
6
8
6
5
7
1
0
0
3
0
0
6
3
6
4
7
0

2396
1
0.883535
71258
1
10
23
11
1
10
23
11
1
0
5
22
5
0
10
22
10
23
6
1
0
0
22
0
0
4
22
4
23
5
1
23
11
1
0
5
22
5
0
10
22
10
23
6
1
0
0
22
0
0
4
22
4
23
5
1

841
-1
0.957645
2933
0
7
6
17
0
7
6
17
1
3
0
5
0
3
16
5
16
3
17
1
0
0
2
0
0
16
2
16
3
17
0
6
17
1
3
0
5
0
3
16
5
16
3
17
1
0
0
2
0
0
16
2
16
3
17
0

1061
-1
0.813
61331
5
0
15
6
5
0
15
6
1
0
3
14
3
0
5
14
5
15
3
1
0
0
14
0
0
2
14
2
15
3
1
15
6
1
0
3
14
3
0
5
14
5
15
3
1
0
0
14
0
0
2
14
2
15
3
1

0.3
24
24
22
3607
-1
1.29801
67835
3
5
19
7
3
5
19
7
1
0
3
18
3
0
6
18
6
19
4
1
0
0
18
0
0
2
18
2
19
3
1
19
7
1
0
3
18
3
0
6
18
6
19
4
1
0
0
18
0
0
2
18
2
19
3
1

985
1
1.00676
38992
10
0
6
19
10
0
6
19
1
0
9
5
9
0
18
5
18
6
10
1
0
0
5
0
0
8
5
8
6
9
1
6
19
1
0
9
5
9
0
18
5
18
6
10
1
0
0
5
0
0
8
5
8
6
9
1

1364
-1
1.06718
66396
3
0
18
6
3
0
18
6
1
0
3
17
3
0
5
17
5
18
3
1
0
0
17
0
0
2
17
2
18
3
1
18
6
1
0
3
17
3
0
5
17
5
18
3
1
0
0
17
0
0
2
17
2
18
3
1

323
-1
0.834371
135
7
2
6
6
7
2
6
6
1
3
0
5
0
3
5
5
5
3
6
1
0
0
2
0
0
5
2
5
3
6
0
6
6
1
3
0
5
0
3
5
5
5
3
6
1
0
0
2
0
0
5
2
5
3
6
0

540
1
0.754507
38038
15
9
6
13
15
9
6
13
1
0
6
5
6
0
12
5
12
6
7
1
0
0
5
0
0
5
5
5
6
6
1
6
13
1
0
6
5
6
0
12
5
12
6
7
1
0
0
5
0
0
5
5
5
6
6
1

396
-1
0.716502
143298
2
17
7
7
2
17
7
7
2
3
0
6
0
3
2
6
2
4
3
0
3
2
3
0
6
2
6
3
4
2
0
0
2
0
0
2
2
2
3
3
3
3
6
3
3
6
6
6
4
4
4
7
7
2
3
0
6
0
3
2
6
2
4
3
0
3
2
3
0
6
2
6
3
4
2
0
0
2
0
0
2
2
2
3
3
3
3
6
3
3
6
6
6
4
4
4

952
1
0.780862
46339
6
0
9
7
6
0
9
7
1
0
3
8
3
0
6
8
6
9
4
1
0
0
8
0
0
2
8
2
9
3
1
9
7
1
0
3
8
3
0
6
8
6
9
4
1
0
0
8
0
0
2
8
2
9
3
1

1297
-1
0.721495
4659
6
0
7
9
6
0
7
9
1
3
0
6
0
3
8
6
8
4
9
1
0
0
2
0
0
8
2
8
3
9
0
7
9
1
3
0
6
0
3
8
6
8
4
9
1
0
0
2
0
0
8
2
8
3
9
0

635
1
0.752274
29367
6
1
17
7
6
1
17
7
1
8
0
16
0
8
6
16
6
9
7
1
0
0
7
0
0
6
7
6
8
7
0
17
7
1
8
0
16
0
8
6
16
6
9
7
1
0
0
7
0
0
6
7
6
8
7
0

557
1
0.639655
37388
3
10
6
11
3
10
6
11
1
0
5
5
5
0
10
5
10
6
6
1
0
0
5
0
0
4
5
4
6
5
1
6
11
1
0
5
5
5
0
10
5
10
6
6
1
0
0
5
0
0
4
5
4
6
5
1

1321
-1
0.691557
37549
15
3
6
11
15
3
6
11
1
0
5
5
5
0
10
5
10
6
6
1
0
0
5
0
0
4
5
4
6
5
1
6
11
1
0
5
5
5
0
10
5
10
6
6
1
0
0
5
0
0
4
5
4
6
5
1

1231
1
0.676359
61082
0
0
14
20
0
0
14
20
1
0
10
13
10
0
19
13
19
14
10
1
0
0
13
0
0
9
13
9
14
10
1
14
20
1
0
10
13
10
0
19
13
19
14
10
1
0
0
13
0
0
9
13
9
14
10
1

542
-1
0.597017
1329
18
15
6
9
18
15
6
9
1
3
0
5
0
3
8
5
8
3
9
1
0
0
2
0
0
8
2
8
3
9
0
6
9
1
3
0
5
0
3
8
5
8
3
9
1
0
0
2
0
0
8
2
8
3
9
0

1079
-1
0.605132
37367
2
3
6
11
2
3
6
11
1
0
5
5
5
0
10
5
10
6
6
1
0
0
5
0
0
4
5
4
6
5
1
6
11
1
0
5
5
5
0
10
5
10
6
6
1
0
0
5
0
0
4
5
4
6
5
1

1687
1
0.571031
92727
6
3
13
6
6
3
13
6
2
0
0
3
0
0
5
3
5
4
6
8
0
12
0
8
5
12
5
5
6
1
4
0
8
0
4
5
8
5
5
6
2
13
6
2
0
0
3
0
0
5
3
5
4
6
8
0
12
0
8
5
12
5
5
6
1
4
0
8
0
4
5
8
5
5
6
2

1327
1
0.556413
45754
13
0
8
20
13
0
8
20
1
0
10
7
10
0
19
7
19
8
10
1
0
0
7
0
0
9
7
9
8
10
1
8
20
1
0
10
7
10
0
19
7
19
8
10
1
0
0
7
0
0
9
7
9
8
10
1

1300
-1
0.52291
10172
0
0
8
23
0
0
8
23
1
4
0
7
0
4
22
7
22
4
23
1
0
0
3
0
0
22
3
22
4
23
0
8
23
1
4
0
7
0
4
22
7
22
4
23
1
0
0
3
0
0
22
3
22
4
23
0

2873
-1
0.48708
68218
3
4
19
11
3
4
19
11
1
0
5
18
5
0
10
18
10
19
6
1
0
0
18
0
0
4
18
4
19
5
1
19
11
1
0
5
18
5
0
10
18
10
19
6
1
0
0
18
0
0
4
18
4
19
5
1

167
1
0.579152
25544
1
10
15
6
1
10
15
6
1
7
0
14
0
7
5
14
5
8
6
1
0
0
6
0
0
5
6
5
7
6
0
15
6
1
7
0
14
0
7
5
14
5
8
6
1
0
0
6
0
0
5
6
5
7
6
0

2059
1
0.544743
62379
1
11
15
13
1
11
15
13
1
0
6
14
6
0
12
14
12
15
7
1
0
0
14
0
0
5
14
5
15
6
1
15
13
1
0
6
14
6
0
12
14
12
15
7
1
0
0
14
0
0
5
14
5
15
6
1

454
-1
0.467834
35921
10
10
6
6
10
10
6
6
1
0
3
5
3
0
5
5
5
6
3
1
0
0
5
0
0
2
5
2
6
3
1
6
6
1
0
3
5
3
0
5
5
5
6
3
1
0
0
5
0
0
2
5
2
6
3
1

1851
1
0.542796
145310
2
1
20
20
2
1
20
20
2
10
0
19
0
10
9
19
9
10
10
0
10
9
10
0
19
9
19
10
10
2
0
0
9
0
0
9
9
9
10
10
10
10
19
10
10
19
19
19
10
10
4
20
20
2
10
0
19
0
10
9
19
9
10
10
0
10
9
10
0
19
9
19
10
10
2
0
0
9
0
0
9
9
9
10
10
10
10
19
10
10
19
19
19
10
10
4

0.3
24
24
17
1477
-1
1.158
36799
3
4
6
9
3
4
6
9
1
0
4
5
4
0
8
5
8
6
5
1
0
0
5
0
0
3
5
3
6
4
1
6
9
1
0
4
5
4
0
8
5
8
6
5
1
0
0
5
0
0
3
5
3
6
4
1

1424
1
0.924829
38980
8
0
6
19
8
0
6
19
1
0
9
5
9
0
18
5
18
6
10
1
0
0
5
0
0
8
5
8
6
9
1
6
19
1
0
9
5
9
0
18
5
18
6
10
1
0
0
5
0
0
8
5
8
6
9
1

1355
-1
0.953093
61331
5
0
15
6
5
0
15
6
1
0
3
14
3
0
5
14
5
15
3
1
0
0
14
0
0
2
14
2
15
3
1
15
6
1
0
3
14
3
0
5
14
5
15
3
1
0
0
14
0
0
2
14
2
15
3
1

1431
-1
0.78425
37007
16
4
6
9
16
4
6
9
1
0
4
5
4
0
8
5
8
6
5
1
0
0
5
0
0
3
5
3
6
4
1
6
9
1
0
4
5
4
0
8
5
8
6
5
1
0
0
5
0
0
3
5
3
6
4
1

548
1
0.751467
10985
11
0
9
8
11
0
9
8
1
4
0
8
0
4
7
8
7
5
8
1
0
0
3
0
0
7
3
7
4
8
0
9
8
1
4
0
8
0
4
7
8
7
5
8
1
0
0
3
0
0
7
3
7
4
8
0

3427
1
0.713715
71427
0
3
23
21
0
3
23
21
1
0
10
22
10
0
20
22
20
23
11
1
0
0
22
0
0
9
22
9
23
10
1
23
21
1
0
10
22
10
0
20
22
20
23
11
1
0
0
22
0
0
9
22
9
23
10
1

653
-1
0.712255
2366
0
10
6
14
0
10
6
14
1
3
0
5
0
3
13
5
13
3
14
1
0
0
2
0
0
13
2
13
3
14
0
6
14
1
3
0
5
0
3
13
5
13
3
14
1
0
0
2
0
0
13
2
13
3
14
0

1296
-1
0.636353
4377
7
1
7
8
7
1
7
8
1
3
0
6
0
3
7
6
7
4
8
1
0
0
2
0
0
7
2
7
3
8
0
7
8
1
3
0
6
0
3
7
6
7
4
8
1
0
0
2
0
0
7
2
7
3
8
0

757
1
0.722901
43163
7
0
8
7
7
0
8
7
1
0
3
7
3
0
6
7
6
8
4
1
0
0
7
0
0
2
7
2
8
3
1
8
7
1
0
3
7
3
0
6
7
6
8
4
1
0
0
7
0
0
2
7
2
8
3
1

1452
-1
0.595094
3589
18
0
6
23
18
0
6
23
1
3
0
5
0
3
22
5
22
3
23
1
0
0
2
0
0
22
2
22
3
23
0
6
23
1
3
0
5
0
3
22
5
22
3
23
1
0
0
2
0
0
22
2
22
3
23
0

3203
-1
0.612265
69280
4
3
20
11
4
3
20
11
1
0
5
19
5
0
10
19
10
20
6
1
0
0
19
0
0
4
19
4
20
5
1
20
11
1
0
5
19
5
0
10
19
10
20
6
1
0
0
19
0
0
4
19
4
20
5
1

536
1
0.619753
38782
16
7
6
17
16
7
6
17
1
0
8
5
8
0
16
5
16
6
9
1
0
0
5
0
0
7
5
7
6
8
1
6
17
1
0
8
5
8
0
16
5
16
6
9
1
0
0
5
0
0
7
5
7
6
8
1

318
-1
0.582258
143316
3
17
7
7
3
17
7
7
2
3
0
6
0
3
2
6
2
4
3
0
3
2
3
0
6
2
6
3
4
2
0
0
2
0
0
2
2
2
3
3
3
3
6
3
3
6
6
6
4
4
4
7
7
2
3
0
6
0
3
2
6
2
4
3
0
3
2
3
0
6
2
6
3
4
2
0
0
2
0
0
2
2
2
3
3
3
3
6
3
3
6
6
6
4
4
4

719
1
0.520442
36789
2
10
6
9
2
10
6
9
1
0
4
5
4
0
8
5
8
6
5
1
0
0
5
0
0
3
5
3
6
4
1
6
9
1
0
4
5
4
0
8
5
8
6
5
1
0
0
5
0
0
3
5
3
6
4
1

74
1
0.543527
43752
7
8
8
9
7
8
8
9
1
0
4
7
4
0
8
7
8
8
5
1
0
0
7
0
0
3
7
3
8
4
1
8
9
1
0
4
7
4
0
8
7
8
8
5
1
0
0
7
0
0
3
7
3
8
4
1

2119
-1
0.600494
65021
2
6
17
7
2
6
17
7
1
0
3
16
3
0
6
16
6
17
4
1
0
0
16
0
0
2
16
2
17
3
1
17
7
1
0
3
16
3
0
6
16
6
17
4
1
0
0
16
0
0
2
16
2
17
3
1

553
1
0.556176
21216
2
10
13
6
2
10
13
6
1
6
0
12
0
6
5
12
5
7
6
1
0
0
5
0
0
5
5
5
6
6
0
13
6
1
6
0
12
0
6
5
12
5
7
6
1
0
0
5
0
0
5
5
5
6
6
0

0.425
24
24
86
3852
-1
1.15477
118594
7
0
9
10
7
0
9
10
2
0
0
8
0
0
2
8
2
9
3
0
6
8
6
0
9
8
9
9
4
1
0
3
8
3
0
6
8
6
9
4
3
9
10
2
0
0
8
0
0
2
8
2
9
3
0
6
8
6
0
9
8
9
9
4
1
0
3
8
3
0
6
8
6
9
4
3

3113
1
0.888743
98925
4
2
16
6
4
2
16
6
2
0
0
4
0
0
5
4
5
5
6
10
0
15
0
10
5
15
5
6
6
1
5
0
10
0
5
5
10
5
6
6
2
16
6
2
0
0
4
0
0
5
4
5
5
6
10
0
15
0
10
5
15
5
6
6
1
5
0
10
0
5
5
10
5
6
6
2

558
-1
0.836311
35816
5
0
6
6
5
0
6
6
1
0
3
5
3
0
5
5
5
6
3
1
0
0
5
0
0
2
5
2
6
3
1
6
6
1
0
3
5
3
0
5
5
5
6
3
1
0
0
5
0
0
2
5
2
6
3
1

447
-1
0.693211
143250
0
5
7
7
0
5
7
7
2
3
0
6
0
3
2
6
2
4
3
0
3
2
3
0
6
2
6
3
4
2
0
0
2
0
0
2
2
2
3
3
3
3
6
3
3
6
6
6
4
4
4
7
7
2
3
0
6
0
3
2
6
2
4
3
0
3
2
3
0
6
2
6
3
4
2
0
0
2
0
0
2
2
2
3
3
3
3
6
3
3
6
6
6
4
4
4

1566
1
0.759532
54251
3
0
11
20
3
0
11
20
1
0
10
10
10
0
19
10
19
11
10
1
0
0
10
0
0
9
10
9
11
10
1
11
20
1
0
10
10
10
0
19
10
19
11
10
1
0
0
10
0
0
9
10
9
11
10
1

975
-1
0.635211
144483
10
4
11
11
10
4
11
11
2
5
0
10
0
5
4
10
4
6
5
0
5
4
5
0
10
4
10
5
6
2
0
0
4
0
0
4
4
4
5
5
5
5
10
5
5
10
10
10
6
6
4
11
11
2
5
0
10
0
5
4
10
4
6
5
0
5
4
5
0
10
4
10
5
6
2
0
0
4
0
0
4
4
4
5
5
5
5
10
5
5
10
10
10
6
6
4

785
1
0.626805
41048
14
10
7
11
14
10
7
11
1
0
5
6
5
0
10
6
10
7
6
1
0
0
6
0
0
4
6
4
7
5
1
7
11
1
0
5
6
5
0
10
6
10
7
6
1
0
0
6
0
0
4
6
4
7
5
1

405
-1
0.598503
143298
2
17
7
7
2
17
7
7
2
3
0
6
0
3
2
6
2
4
3
0
3
2
3
0
6
2
6
3
4
2
0
0
2
0
0
2
2
2
3
3
3
3
6
3
3
6
6
6
4
4
4
7
7
2
3
0
6
0
3
2
6
2
4
3
0
3
2
3
0
6
2
6
3
4
2
0
0
2
0
0
2
2
2
3
3
3
3
6
3
3
6
6
6
4
4
4

1114
-1
0.601313
37007
16
4
6
9
16
4
6
9
1
0
4
5
4
0
8
5
8
6
5
1
0
0
5
0
0
3
5
3
6
4
1
6
9
1
0
4
5
4
0
8
5
8
6
5
1
0
0
5
0
0
3
5
3
6
4
1

408
1
0.643089
51631
11
0
10
20
11
0
10
20
1
0
10
9
10
0
19
9
19
10
10
1
0
0
9
0
0
9
9
9
10
10
1
10
20
1
0
10
9
10
0
19
9
19
10
10
1
0
0
9
0
0
9
9
9
10
10
1

1048
1
0.600253
43760
8
0
8
9
8
0
8
9
1
0
4
7
4
0
8
7
8
8
5
1
0
0
7
0
0
3
7
3
8
4
1
8
9
1
0
4
7
4
0
8
7
8
8
5
1
0
0
7
0
0
3
7
3
8
4
1

1253
-1
0.573661
10901
6
1
9
8
6
1
9
8
1
4
0
8
0
4
7
8
7
5
8
1
0
0
3
0
0
7
3
7
4
8
0
9
8
1
4
0
8
0
4
7
8
7
5
8
1
0
0
3
0
0
7
3
7
4
8
0

238
1
0.638659
21302
7
1
13
6
7
1
13
6
1
6
0
12
0
6
5
12
5
7
6
1
0
0
5
0
0
5
5
5
6
6
0
13
6
1
6
0
12
0
6
5
12
5
7
6
1
0
0
5
0
0
5
5
5
6
6
0

998
1
0.555558
41374
3
10
7
13
3
10
7
13
1
0
6
6
6
0
12
6
12
7
7
1
0
0
6
0
0
5
6
5
7
6
1
7
13
1
0
6
6
6
0
12
6
12
7
7
1
0
0
6
0
0
5
6
5
7
6
1

550
-1
0.556613
39493
9
10
7
6
9
10
7
6
1
0
3
6
3
0
5
6
5
7
3
1
0
0
6
0
0
2
6
2
7
3
1
7
6
1
0
3
6
3
0
5
6
5
7
3
1
0
0
6
0
0
2
6
2
7
3
1

1024
-1
0.540438
36767
1
4
6
9
1
4
6
9
1
0
4
5
4
0
8
5
8
6
5
1
0
0
5
0
0
3
5
3
6
4
1
6
9
1
0
4
5
4
0
8
5
8
6
5
1
0
0
5
0
0
3
5
3
6
4
1

474
-1
0.530106
360
18
18
6
6
18
18
6
6
1
3
0
5
0
3
5
5
5
3
6
1
0
0
2
0
0
5
2
5
3
6
0
6
6
1
3
0
5
0
3
5
5
5
3
6
1
0
0
2
0
0
5
2
5
3
6
0

600
1
0.539087
37723
9
4
6
12
9
4
6
12
1
0
6
5
6
0
11
5
11
6
6
1
0
0
5
0
0
5
5
5
6
6
1
6
12
1
0
6
5
6
0
11
5
11
6
6
1
0
0
5
0
0
5
5
5
6
6
1

691
1
0.509299
23930
5
2
14
8
5
2
14
8
1
7
0
13
0
7
7
13
7
7
8
1
0
0
6
0
0
7
6
7
7
8
0
14
8
1
7
0
13
0
7
7
13
7
7
8
1
0
0
6
0
0
7
6
7
7
8
0

250
-1
0.489209
135
7
2
6
6
7
2
6
6
1
3
0
5
0
3
5
5
5
3
6
1
0
0
2
0
0
5
2
5
3
6
0
6
6
1
3
0
5
0
3
5
5
5
3
6
1
0
0
2
0
0
5
2
5
3
6
0

1788
-1
0.491559
3553
0
0
6
23
0
0
6
23
1
3
0
5
0
3
22
5
22
3
23
1
0
0
2
0
0
22
2
22
3
23
0
6
23
1
3
0
5
0
3
22
5
22
3
23
1
0
0
2
0
0
22
2
22
3
23
0

1581
1
0.475824
58071
11
8
13
11
11
8
13
11
1
0
5
12
5
0
10
12
10
13
6
1
0
0
12
0
0
4
12
4
13
5
1
13
11
1
0
5
12
5
0
10
12
10
13
6
1
0
0
12
0
0
4
12
4
13
5
1

2140
-1
0.450634
54810
7
5
12
7
7
5
12
7
1
0
3
11
3
0
6
11
6
12
4
1
0
0
11
0
0
2
11
2
12
3
1
12
7
1
0
3
11
3
0
6
11
6
12
4
1
0
0
11
0
0
2
11
2
12
3
1

671
1
0.500186
16133
3
11
11
6
3
11
11
6
1
5
0
10
0
5
5
10
5
6
6
1
0
0
4
0
0
5
4
5
5
6
0
11
6
1
5
0
10
0
5
5
10
5
6
6
1
0
0
4
0
0
5
4
5
5
6
0

1673
-1
0.463604
25533
0
18
15
6
0
18
15
6
1
7
0
14
0
7
5
14
5
8
6
1
0
0
6
0
0
5
6
5
7
6
0
15
6
1
7
0
14
0
7
5
14
5
8
6
1
0
0
6
0
0
5
6
5
7
6
0

1909
1
0.463945
145309
2
0
20
20
2
0
20
20
2
10
0
19
0
10
9
19
9
10
10
0
10
9
10
0
19
9
19
10
10
2
0
0
9
0
0
9
9
9
10
10
10
10
19
10
10
19
19
19
10
10
4
20
20
2
10
0
19
0
10
9
19
9
10
10
0
10
9
10
0
19
9
19
10
10
2
0
0
9
0
0
9
9
9
10
10
10
10
19
10
10
19
19
19
10
10
4

292
1
0.466701
57917
0
8
13
11
0
8
13
11
1
0
5
12
5
0
10
12
10
13
6
1
0
0
12
0
0
4
12
4
13
5
1
13
11
1
0
5
12
5
0
10
12
10
13
6
1
0
0
12
0
0
4
12
4
13
5
1

2866
-1
0.482899
110007
9
8
6
16
9
8
6
16
2
0
0
5
0
0
4
5
4
6
5
0
10
5
10
0
15
5
15
6
6
1
0
5
5
5
0
10
5
10
6
6
3
6
16
2
0
0
5
0
0
4
5
4
6
5
0
10
5
10
0
15
5
15
6
6
1
0
5
5
5
0
10
5
10
6
6
3

396
1
0.47624
46919
8
0
9
9
8
0
9
9
1
0
4
8
4
0
8
8
8
9
5
1
0
0
8
0
0
3
8
3
9
4
1
9
9
1
0
4
8
4
0
8
8
8
9
5
1
0
0
8
0
0
3
8
3
9
4
1

636
1
0.436078
10416
11
1
9
6
11
1
9
6
1
4
0
8
0
4
5
8
5
5
6
1
0
0
3
0
0
5
3
5
4
6
0
9
6
1
4
0
8
0
4
5
8
5
5
6
1
0
0
3
0
0
5
3
5
4
6
0

205
-1
0.39468
39538
11
17
7
6
11
17
7
6
1
0
3
6
3
0
5
6
5
7
3
1
0
0
6
0
0
2
6
2
7
3
1
7
6
1
0
3
6
3
0
5
6
5
7
3
1
0
0
6
0
0
2
6
2
7
3
1

1132
1
0.438247
69415
4
11
20
13
4
11
20
13
1
0
6
19
6
0
12
19
12
20
7
1
0
0
19
0
0
5
19
5
20
6
1
20
13
1
0
6
19
6
0
12
19
12
20
7
1
0
0
19
0
0
5
19
5
20
6
1

2858
-1
0.437276
71105
0
3
23
7
0
3
23
7
1
0
3
22
3
0
6
22
6
23
4
1
0
0
22
0
0
2
22
2
23
3
1
23
7
1
0
3
22
3
0
6
22
6
23
4
1
0
0
22
0
0
2
22
2
23
3
1

51
1
0.465716
38313
2
7
6
15
2
7
6
15
1
0
7
5
7
0
14
5
14
6
8
1
0
0
5
0
0
6
5
6
6
7
1
6
15
1
0
7
5
7
0
14
5
14
6
8
1
0
0
5
0
0
6
5
6
6
7
1

1002
1
0.527437
39780
7
0
7
7
7
0
7
7
1
0
3
6
3
0
6
6
6
7
4
1
0
0
6
0
0
2
6
2
7
3
1
7
7
1
0
3
6
3
0
6
6
6
7
4
1
0
0
6
0
0
2
6
2
7
3
1

1234
-1
0.412588
10582
4
0
9
7
4
0
9
7
1
4
0
8
0
4
6
8
6
5
7
1
0
0
3
0
0
6
3
6
4
7
0
9
7
1
4
0
8
0
4
6
8
6
5
7
1
0
0
3
0
0
6
3
6
4
7
0

850
1
0.410802
10251
2
7
9
6
2
7
9
6
1
4
0
8
0
4
5
8
5
5
6
1
0
0
3
0
0
5
3
5
4
6
0
9
6
1
4
0
8
0
4
5
8
5
5
6
1
0
0
3
0
0
5
3
5
4
6
0

1263
-1
0.409479
10206
0
0
9
6
0
0
9
6
1
4
0
8
0
4
5
8
5
5
6
1
0
0
3
0
0
5
3
5
4
6
0
9
6
1
4
0
8
0
4
5
8
5
5
6
1
0
0
3
0
0
5
3
5
4
6
0

241
1
0.425202
143307
3
8
7
7
3
8
7
7
2
3
0
6
0
3
2
6
2
4
3
0
3
2
3
0
6
2
6
3
4
2
0
0
2
0
0
2
2
2
3
3
3
3
6
3
3
6
6
6
4
4
4
7
7
2
3
0
6
0
3
2
6
2
4
3
0
3
2
3
0
6
2
6
3
4
2
0
0
2
0
0
2
2
2
3
3
3
3
6
3
3
6
6
6
4
4
4

396
-1
0.411119
2344
18
0
6
13
18
0
6
13
1
3
0
5
0
3
12
5
12
3
13
1
0
0
2
0
0
12
2
12
3
13
0
6
13
1
3
0
5
0
3
12
5
12
3
13
1
0
0
2
0
0
12
2
12
3
13
0

184
1
0.399896
143556
17
5
7
7
17
5
7
7
2
3
0
6
0
3
2
6
2
4
3
0
3
2
3
0
6
2
6
3
4
2
0
0
2
0
0
2
2
2
3
3
3
3
6
3
3
6
6
6
4
4
4
7
7
2
3
0
6
0
3
2
6
2
4
3
0
3
2
3
0
6
2
6
3
4
2
0
0
2
0
0
2
2
2
3
3
3
3
6
3
3
6
6
6
4
4
4

826
-1
0.429218
65213
5
5
17
8
5
5
17
8
1
0
4
16
4
0
7
16
7
17
4
1
0
0
16
0
0
3
16
3
17
4
1
17
8
1
0
4
16
4
0
7
16
7
17
4
1
0
0
16
0
0
3
16
3
17
4
1

119
1
0.435818
4276
1
2
7
8
1
2
7
8
1
3
0
6
0
3
7
6
7
4
8
1
0
0
2
0
0
7
2
7
3
8
0
7
8
1
3
0
6
0
3
7
6
7
4
8
1
0
0
2
0
0
7
2
7
3
8
0

1286
-1
0.464107
111258
9
0
7
7
9
0
7
7
2
0
0
6
0
0
1
6
1
7
2
0
4
6
4
0
6
6
6
7
3
1
0
2
6
2
0
4
6
4
7
3
3
7
7
2
0
0
6
0
0
1
6
1
7
2
0
4
6
4
0
6
6
6
7
3
1
0
2
6
2
0
4
6
4
7
3
3

794
1
0.432914
145241
3
6
18
18
3
6
18
18
2
9
0
17
0
9
8
17
8
9
9
0
9
8
9
0
17
8
17
9
9
2
0
0
8
0
0
8
8
8
9
9
9
9
17
9
9
17
17
17
9
9
4
18
18
2
9
0
17
0
9
8
17
8
9
9
0
9
8
9
0
17
8
17
9
9
2
0
0
8
0
0
8
8
8
9
9
9
9
17
9
9
17
17
17
9
9
4

3217
-1
0.396
35540
1
13
23
11
1
13
23
11
1
11
0
22
0
11
10
22
10
12
11
1
0
0
10
0
0
10
10
10
11
11
0
23
11
1
11
0
22
0
11
10
22
10
12
11
1
0
0
10
0
0
10
10
10
11
11
0

9576
1
0.46299
87475
14
1
10
22
14
1
10
22
2
0
0
2
0
0
21
2
21
3
22
6
0
9
0
6
21
9
21
4
22
1
3
0
6
0
3
21
6
21
4
22
2
10
22
2
0
0
2
0
0
21
2
21
3
22
6
0
9
0
6
21
9
21
4
22
1
3
0
6
0
3
21
6
21
4
22
2

83
1
0.411106
64228
7
10
16
13
7
10
16
13
1
0
6
15
6
0
12
15
12
16
7
1
0
0
15
0
0
5
15
5
16
6
1
16
13
1
0
6
15
6
0
12
15
12
16
7
1
0
0
15
0
0
5
15
5
16
6
1

2710
-1
0.481952
67852
4
4
19
7
4
4
19
7
1
0
3
18
3
0
6
18
6
19
4
1
0
0
18
0
0
2
18
2
19
3
1
19
7
1
0
3
18
3
0
6
18
6
19
4
1
0
0
18
0
0
2
18
2
19
3
1

178
1
0.387708
143323
4
6
7
7
4
6
7
7
2
3
0
6
0
3
2
6
2
4
3
0
3
2
3
0
6
2
6
3
4
2
0
0
2
0
0
2
2
2
3
3
3
3
6
3
3
6
6
6
4
4
4
7
7
2
3
0
6
0
3
2
6
2
4
3
0
3
2
3
0
6
2
6
3
4
2
0
0
2
0
0
2
2
2
3
3
3
3
6
3
3
6
6
6
4
4
4

272
-1
0.383945
1344
0
14
6
10
0
14
6
10
1
3
0
5
0
3
9
5
9
3
10
1
0
0
2
0
0
9
2
9
3
10
0
6
10
1
3
0
5
0
3
9
5
9
3
10
1
0
0
2
0
0
9
2
9
3
10
0

264
1
0.403155
42730
0
16
8
6
0
16
8
6
1
0
3
7
3
0
5
7
5
8
3
1
0
0
7
0
0
2
7
2
8
3
1
8
6
1
0
3
7
3
0
5
7
5
8
3
1
0
0
7
0
0
2
7
2
8
3
1

419
-1
0.397993
143857
16
16
8
8
16
16
8
8
2
4
0
7
0
4
3
7
3
4
4
0
4
3
4
0
7
3
7
4
4
2
0
0
3
0
0
3
3
3
4
4
4
4
7
4
4
7
7
7
4
4
4
8
8
2
4
0
7
0
4
3
7
3
4
4
0
4
3
4
0
7
3
7
4
4
2
0
0
3
0
0
3
3
3
4
4
4
4
7
4
4
7
7
7
4
4
4

1080
1
0.361212
20359
3
3
12
14
3
3
12
14
1
6
0
11
0
6
13
11
13
6
14
1
0
0
5
0
0
13
5
13
6
14
0
12
14
1
6
0
11
0
6
13
11
13
6
14
1
0
0
5
0
0
13
5
13
6
14
0

379
-1
0.40294
507
8
2
6
7
8
2
6
7
1
3
0
5
0
3
6
5
6
3
7
1
0
0
2
0
0
6
2
6
3
7
0
6
7
1
3
0
5
0
3
6
5
6
3
7
1
0
0
2
0
0
6
2
6
3
7
0

503
1
0.365351
42509
9
2
7
20
9
2
7
20
1
0
10
6
10
0
19
6
19
7
10
1
0
0
6
0
0
9
6
9
7
10
1
7
20
1
0
10
6
10
0
19
6
19
7
10
1
0
0
6
0
0
9
6
9
7
10
1

727
1
0.377179
36806
3
11
6
9
3
11
6
9
1
0
4
5
4
0
8
5
8
6
5
1
0
0
5
0
0
3
5
3
6
4
1
6
9
1
0
4
5
4
0
8
5
8
6
5
1
0
0
5
0
0
3
5
3
6
4
1

1220
-1
0.401449
46392
8
17
9
7
8
17
9
7
1
0
3
8
3
0
6
8
6
9
4
1
0
0
8
0
0
2
8
2
9
3
1
9
7
1
0
3
8
3
0
6
8
6
9
4
1
0
0
8
0
0
2
8
2
9
3
1

499
-1
0.352331
46136
11
0
9
6
11
0
9
6
1
0
3
8
3
0
5
8
5
9
3
1
0
0
8
0
0
2
8
2
9
3
1
9
6
1
0
3
8
3
0
5
8
5
9
3
1
0
0
8
0
0
2
8
2
9
3
1

192
1
0.356422
39650
17
15
7
6
17
15
7
6
1
0
3
6
3
0
5
6
5
7
3
1
0
0
6
0
0
2
6
2
7
3
1
7
6
1
0
3
6
3
0
5
6
5
7
3
1
0
0
6
0
0
2
6
2
7
3
1

197
1
0.360195
50267
2
13
10
11
2
13
10
11
1
0
5
9
5
0
10
9
10
10
6
1
0
0
9
0
0
4
9
4
10
5
1
10
11
1
0
5
9
5
0
10
9
10
10
6
1
0
0
9
0
0
4
9
4
10
5
1

1158
-1
0.453203
5205
6
0
7
11
6
0
7
11
1
3
0
6
0
3
10
6
10
4
11
1
0
0
2
0
0
10
2
10
3
11
0
7
11
1
3
0
6
0
3
10
6
10
4
11
1
0
0
2
0
0
10
2
10
3
11
0

2164
1
0.37752
108371
11
6
6
9
11
6
6
9
2
0
0
5
0
0
2
5
2
6
3
0
6
5
6
0
8
5
8
6
3
1
0
3
5
3
0
5
5
5
6
3
3
6
9
2
0
0
5
0
0
2
5
2
6
3
0
6
5
6
0
8
5
8
6
3
1
0
3
5
3
0
5
5
5
6
3
3

182
1
0.362376
25849
8
0
15
7
8
0
15
7
1
7
0
14
0
7
6
14
6
8
7
1
0
0
6
0
0
6
6
6
7
7
0
15
7
1
7
0
14
0
7
6
14
6
8
7
1
0
0
6
0
0
6
6
6
7
7
0

2125
-1
0.424355
61796
1
4
15
9
1
4
15
9
1
0
4
14
4
0
8
14
8
15
5
1
0
0
14
0
0
3
14
3
15
4
1
15
9
1
0
4
14
4
0
8
14
8
15
5
1
0
0
14
0
0
3
14
3
15
4
1

459
1
0.408337
38980
8
0
6
19
8
0
6
19
1
0
9
5
9
0
18
5
18
6
10
1
0
0
5
0
0
8
5
8
6
9
1
6
19
1
0
9
5
9
0
18
5
18
6
10
1
0
0
5
0
0
8
5
8
6
9
1

72
-1
0.36404
143226
18
0
6
6
18
0
6
6
2
3
0
5
0
3
2
5
2
3
3
0
3
2
3
0
5
2
5
3
3
2
0
0
2
0
0
2
2
2
3
3
3
3
5
3
3
5
5
5
3
3
4
6
6
2
3
0
5
0
3
2
5
2
3
3
0
3
2
3
0
5
2
5
3
3
2
0
0
2
0
0
2
2
2
3
3
3
3
5
3
3
5
5
5
3
3
4

727
1
0.329381
37050
18
15
6
9
18
15
6
9
1
0
4
5
4
0
8
5
8
6
5
1
0
0
5
0
0
3
5
3
6
4
1
6
9
1
0
4
5
4
0
8
5
8
6
5
1
0
0
5
0
0
3
5
3
6
4
1

417
1
0.35181
24618
7
2
14
12
7
2
14
12
1
7
0
13
0
7
11
13
11
7
12
1
0
0
6
0
0
11
6
11
7
12
0
14
12
1
7
0
13
0
7
11
13
11
7
12
1
0
0
6
0
0
11
6
11
7
12
0

1558
-1
0.385667
31631
6
8
18
15
6
8
18
15
1
9
0
17
0
9
14
17
14
9
15
1
0
0
8
0
0
14
8
14
9
15
0
18
15
1
9
0
17
0
9
14
17
14
9
15
1
0
0
8
0
0
14
8
14
9
15
0

330
1
0.345538
143414
9
7
7
7
9
7
7
7
2
3
0
6
0
3
2
6
2
4
3
0
3
2
3
0
6
2
6
3
4
2
0
0
2
0
0
2
2
2
3
3
3
3
6
3
3
6
6
6
4
4
4
7
7
2
3
0
6
0
3
2
6
2
4
3
0
3
2
3
0
6
2
6
3
4
2
0
0
2
0
0
2
2
2
3
3
3
3
6
3
3
6
6
6
4
4
4

74
1
0.386165
41503
14
7
7
13
14
7
7
13
1
0
6
6
6
0
12
6
12
7
7
1
0
0
6
0
0
5
6
5
7
6
1
7
13
1
0
6
6
6
0
12
6
12
7
7
1
0
0
6
0
0
5
6
5
7
6
1

2190
-1
0.441422
70597
2
7
22
7
2
7
22
7
1
0
3
21
3
0
6
21
6
22
4
1
0
0
21
0
0
2
21
2
22
3
1
22
7
1
0
3
21
3
0
6
21
6
22
4
1
0
0
21
0
0
2
21
2
22
3
1

339
-1
0.341326
193
10
3
6
6
10
3
6
6
1
3
0
5
0
3
5
5
5
3
6
1
0
0
2
0
0
5
2
5
3
6
0
6
6
1
3
0
5
0
3
5
5
5
3
6
1
0
0
2
0
0
5
2
5
3
6
0

1246
1
0.35567
145310
2
1
20
20
2
1
20
20
2
10
0
19
0
10
9
19
9
10
10
0
10
9
10
0
19
9
19
10
10
2
0
0
9
0
0
9
9
9
10
10
10
10
19
10
10
19
19
19
10
10
4
20
20
2
10
0
19
0
10
9
19
9
10
10
0
10
9
10
0
19
9
19
10
10
2
0
0
9
0
0
9
9
9
10
10
10
10
19
10
10
19
19
19
10
10
4

521
1
0.338463
17225
12
0
11
10
12
0
11
10
1
5
0
10
0
5
9
10
9
6
10
1
0
0
4
0
0
9
4
9
5
10
0
11
10
1
5
0
10
0
5
9
10
9
6
10
1
0
0
4
0
0
9
4
9
5
10
0

611
-1
0.352972
66419
4
4
18
6
4
4
18
6
1
0
3
17
3
0
5
17
5
18
3
1
0
0
17
0
0
2
17
2
18
3
1
18
6
1
0
3
17
3
0
5
17
5
18
3
1
0
0
17
0
0
2
17
2
18
3
1

1143
-1
0.330004
10053
0
0
8
21
0
0
8
21
1
4
0
7
0
4
20
7
20
4
21
1
0
0
3
0
0
20
3
20
4
21
0
8
21
1
4
0
7
0
4
20
7
20
4
21
1
0
0
3
0
0
20
3
20
4
21
0

138
1
0.338184
143359
6
6
7
7
6
6
7
7
2
3
0
6
0
3
2
6
2
4
3
0
3
2
3
0
6
2
6
3
4
2
0
0
2
0
0
2
2
2
3
3
3
3
6
3
3
6
6
6
4
4
4
7
7
2
3
0
6
0
3
2
6
2
4
3
0
3
2
3
0
6
2
6
3
4
2
0
0
2
0
0
2
2
2
3
3
3
3
6
3
3
6
6
6
4
4
4

82
-1
0.354575
143244
18
18
6
6
18
18
6
6
2
3
0
5
0
3
2
5
2
3
3
0
3
2
3
0
5
2
5
3
3
2
0
0
2
0
0
2
2
2
3
3
3
3
5
3
3
5
5
5
3
3
4
6
6
2
3
0
5
0
3
2
5
2
3
3
0
3
2
3
0
5
2
5
3
3
2
0
0
2
0
0
2
2
2
3
3
3
3
5
3
3
5
5
5
3
3
4

891
1
0.332295
27667
5
1
16
7
5
1
16
7
1
8
0
15
0
8
6
15
6
8
7
1
0
0
7
0
0
6
7
6
8
7
0
16
7
1
8
0
15
0
8
6
15
6
8
7
1
0
0
7
0
0
6
7
6
8
7
0

3860
-1
0.342138
34920
1
16
22
8
1
16
22
8
1
11
0
21
0
11
7
21
7
11
8
1
0
0
10
0
0
7
10
7
11
8
0
22
8
1
11
0
21
0
11
7
21
7
11
8
1
0
0
10
0
0
7
10
7
11
8
0

325
1
0.376266
35753
1
13
6
6
1
13
6
6
1
0
3
5
3
0
5
5
5
6
3
1
0
0
5
0
0
2
5
2
6
3
1
6
6
1
0
3
5
3
0
5
5
5
6
3
1
0
0
5
0
0
2
5
2
6
3
1

762
-1
0.336046
35902
9
10
6
6
9
10
6
6
1
0
3
5
3
0
5
5
5
6
3
1
0
0
5
0
0
2
5
2
6
3
1
6
6
1
0
3
5
3
0
5
5
5
6
3
1
0
0
5
0
0
2
5
2
6
3
1

1403
1
0.394764
39116
14
0
6
20
14
0
6
20
1
0
10
5
10
0
19
5
19
6
10
1
0
0
5
0
0
9
5
9
6
10
1
6
20
1
0
10
5
10
0
19
5
19
6
10
1
0
0
5
0
0
9
5
9
6
10
1

928
-1
0.341706
4211
15
8
7
7
15
8
7
7
1
3
0
6
0
3
6
6
6
4
7
1
0
0
2
0
0
6
2
6
3
7
0
7
7
1
3
0
6
0
3
6
6
6
4
7
1
0
0
2
0
0
6
2
6
3
7
0

0.45
24
24
246
860
-1
1.06237
61312
4
0
15
6
4
0
15
6
1
0
3
14
3
0
5
14
5
15
3
1
0
0
14
0
0
2
14
2
15
3
1
15
6
1
0
3
14
3
0
5
14
5
15
3
1
0
0
14
0
0
2
14
2
15
3
1

1053
-1
0.890209
3726
7
2
7
6
7
2
7
6
1
3
0
6
0
3
5
6
5
4
6
1
0
0
2
0
0
5
2
5
3
6
0
7
6
1
3
0
6
0
3
5
6
5
4
6
1
0
0
2
0
0
5
2
5
3
6
0

434
-1
0.633567
143251
0
6
7
7
0
6
7
7
2
3
0
6
0
3
2
6
2
4
3
0
3
2
3
0
6
2
6
3
4
2
0
0
2
0
0
2
2
2
3
3
3
3
6
3
3
6
6
6
4
4
4
7
7
2
3
0
6
0
3
2
6
2
4
3
0
3
2
3
0
6
2
6
3
4
2
0
0
2
0
0
2
2
2
3
3
3
3
6
3
3
6
6
6
4
4
4

639
1
0.570178
11230
10
0
9
9
10
0
9
9
1
4
0
8
0
4
8
8
8
5
9
1
0
0
3
0
0
8
3
8
4
9
0
9
9
1
4
0
8
0
4
8
8
8
5
9
1
0
0
3
0
0
8
3
8
4
9
0

1415
-1
0.552349
37006
16
3
6
9
16
3
6
9
1
0
4
5
4
0
8
5
8
6
5
1
0
0
5
0
0
3
5
3
6
4
1
6
9
1
0
4
5
4
0
8
5
8
6
5
1
0
0
5
0
0
3
5
3
6
4
1

1496
1
0.577867
54418
7
0
11
23
7
0
11
23
1
0
11
10
11
0
22
10
22
11
12
1
0
0
10
0
0
10
10
10
11
11
1
11
23
1
0
11
10
11
0
22
10
22
11
12
1
0
0
10
0
0
10
10
10
11
11
1

453
1
0.510323
36244
9
0
6
7
9
0
6
7
1
0
3
5
3
0
6
5
6
6
4
1
0
0
5
0
0
2
5
2
6
3
1
6
7
1
0
3
5
3
0
6
5
6
6
4
1
0
0
5
0
0
2
5
2
6
3
1

1564
-1
0.535697
10224
0
18
9
6
0
18
9
6
1
4
0
8
0
4
5
8
5
5
6
1
0
0
3
0
0
5
3
5
4
6
0
9
6
1
4
0
8
0
4
5
8
5
5
6
1
0
0
3
0
0
5
3
5
4
6
0

780
1
0.530247
37556
15
10
6
11
15
10
6
11
1
0
5
5
5
0
10
5
10
6
6
1
0
0
5
0
0
4
5
4
6
5
1
6
11
1
0
5
5
5
0
10
5
10
6
6
1
0
0
5
0
0
4
5
4
6
5
1

1341
-1
0.510562
37366
2
2
6
11
2
2
6
11
1
0
5
5
5
0
10
5
10
6
6
1
0
0
5
0
0
4
5
4
6
5
1
6
11
1
0
5
5
5
0
10
5
10
6
6
1
0
0
5
0
0
4
5
4
6
5
1

1284
-1
0.527546
360
18
18
6
6
18
18
6
6
1
3
0
5
0
3
5
5
5
3
6
1
0
0
2
0
0
5
2
5
3
6
0
6
6
1
3
0
5
0
3
5
5
5
3
6
1
0
0
2
0
0
5
2
5
3
6
0

752
1
0.52397
37387
3
9
6
11
3
9
6
11
1
0
5
5
5
0
10
5
10
6
6
1
0
0
5
0
0
4
5
4
6
5
1
6
11
1
0
5
5
5
0
10
5
10
6
6
1
0
0
5
0
0
4
5
4
6
5
1

3025
-1
0.452446
67836
3
6
19
7
3
6
19
7
1
0
3
18
3
0
6
18
6
19
4
1
0
0
18
0
0
2
18
2
19
3
1
19
7
1
0
3
18
3
0
6
18
6
19
4
1
0
0
18
0
0
2
18
2
19
3
1

276
1
0.469338
21216
2
10
13
6
2
10
13
6
1
6
0
12
0
6
5
12
5
7
6
1
0
0
5
0
0
5
5
5
6
6
0
13
6
1
6
0
12
0
6
5
12
5
7
6
1
0
0
5
0
0
5
5
5
6
6
0

1578
1
0.486953
71204
0
0
23
10
0
0
23
10
1
0
5
22
5
0
9
22
9
23
5
1
0
0
22
0
0
4
22
4
23
5
1
23
10
1
0
5
22
5
0
9
22
9
23
5
1
0
0
22
0
0
4
22
4
23
5
1

96
-1
0.442911
142978
4
18
6
6
4
18
6
6
2
3
0
5
0
3
2
5
2
3
3
0
3
2
3
0
5
2
5
3
3
2
0
0
2
0
0
2
2
2
3
3
3
3
5
3
3
5
5
5
3
3
4
6
6
2
3
0
5
0
3
2
5
2
3
3
0
3
2
3
0
5
2
5
3
3
2
0
0
2
0
0
2
2
2
3
3
3
3
5
3
3
5
5
5
3
3
4

2749
-1
0.400839
66396
3
0
18
6
3
0
18
6
1
0
3
17
3
0
5
17
5
18
3
1
0
0
17
0
0
2
17
2
18
3
1
18
6
1
0
3
17
3
0
5
17
5
18
3
1
0
0
17
0
0
2
17
2
18
3
1

1936
1
0.450395
145309
2
0
20
20
2
0
20
20
2
10
0
19
0
10
9
19
9
10
10
0
10
9
10
0
19
9
19
10
10
2
0
0
9
0
0
9
9
9
10
10
10
10
19
10
10
19
19
19
10
10
4
20
20
2
10
0
19
0
10
9
19
9
10
10
0
10
9
10
0
19
9
19
10
10
2
0
0
9
0
0
9
9
9
10
10
10
10
19
10
10
19
19
19
10
10
4

104
-1
0.396744
143206
16
18
6
6
16
18
6
6
2
3
0
5
0
3
2
5
2
3
3
0
3
2
3
0
5
2
5
3
3
2
0
0
2
0
0
2
2
2
3
3
3
3
5
3
3
5
5
5
3
3
4
6
6
2
3
0
5
0
3
2
5
2
3
3
0
3
2
3
0
5
2
5
3
3
2
0
0
2
0
0
2
2
2
3
3
3
3
5
3
3
5
5
5
3
3
4

210
1
0.376205
4757
12
2
7
9
12
2
7
9
1
3
0
6
0
3
8
6
8
4
9
1
0
0
2
0
0
8
2
8
3
9
0
7
9
1
3
0
6
0
3
8
6
8
4
9
1
0
0
2
0
0
8
2
8
3
9
0

1430
-1
0.419791
11855
5
0
9
12
5
0
9
12
1
4
0
8
0
4
11
8
11
5
12
1
0
0
3
0
0
11
3
11
4
12
0
9
12
1
4
0
8
0
4
11
8
11
5
12
1
0
0
3
0
0
11
3
11
4
12
0

138
1
0.370639
143557
17
6
7
7
17
6
7
7
2
3
0
6
0
3
2
6
2
4
3
0
3
2
3
0
6
2
6
3
4
2
0
0
2
0
0
2
2
2
3
3
3
3
6
3
3
6
6
6
4
4
4
7
7
2
3
0
6
0
3
2
6
2
4
3
0
3
2
3
0
6
2
6
3
4
2
0
0
2
0
0
2
2
2
3
3
3
3
6
3
3
6
6
6
4
4
4

876
1
0.356522
65393
0
6
17
10
0
6
17
10
1
0
5
16
5
0
9
16
9
17
5
1
0
0
16
0
0
4
16
4
17
5
1
17
10
1
0
5
16
5
0
9
16
9
17
5
1
0
0
16
0
0
4
16
4
17
5
1

548
-1
0.358554
35902
9
10
6
6
9
10
6
6
1
0
3
5
3
0
5
5
5
6
3
1
0
0
5
0
0
2
5
2
6
3
1
6
6
1
0
3
5
3
0
5
5
5
6
3
1
0
0
5
0
0
2
5
2
6
3
1

1057
1
0.398584
43127
5
0
8
7
5
0
8
7
1
0
3
7
3
0
6
7
6
8
4
1
0
0
7
0
0
2
7
2
8
3
1
8
7
1
0
3
7
3
0
6
7
6
8
4
1
0
0
7
0
0
2
7
2
8
3
1

1238
-1
0.396845
2754
18
9
6
15
18
9
6
15
1
3
0
5
0
3
14
5
14
3
15
1
0
0
2
0
0
14
2
14
3
15
0
6
15
1
3
0
5
0
3
14
5
14
3
15
1
0
0
2
0
0
14
2
14
3
15
0

1574
-1
0.422801
52290
13
4
11
7
13
4
11
7
1
0
3
10
3
0
6
10
6
11
4
1
0
0
10
0
0
2
10
2
11
3
1
11
7
1
0
3
10
3
0
6
10
6
11
4
1
0
0
10
0
0
2
10
2
11
3
1

121
1
0.376289
44689
5
11
8
13
5
11
8
13
1
0
6
7
6
0
12
7
12
8
7
1
0
0
7
0
0
5
7
5
8
6
1
8
13
1
0
6
7
6
0
12
7
12
8
7
1
0
0
7
0
0
5
7
5
8
6
1

2992
1
0.440763
117859
10
6
9
7
10
6
9
7
2
0
0
8
0
0
1
8
1
9
2
0
4
8
4
0
6
8
6
9
3
1
0
2
8
2
0
4
8
4
9
3
3
9
7
2
0
0
8
0
0
1
8
1
9
2
0
4
8
4
0
6
8
6
9
3
1
0
2
8
2
0
4
8
4
9
3
3

2012
-1
0.38402
16065
0
0
11
6
0
0
11
6
1
5
0
10
0
5
5
10
5
6
6
1
0
0
4
0
0
5
4
5
5
6
0
11
6
1
5
0
10
0
5
5
10
5
6
6
1
0
0
4
0
0
5
4
5
5
6
0

312
1
0.409155
36078
18
15
6
6
18
15
6
6
1
0
3
5
3
0
5
5
5
6
3
1
0
0
5
0
0
2
5
2
6
3
1
6
6
1
0
3
5
3
0
5
5
5
6
3
1
0
0
5
0
0
2
5
2
6
3
1

362
-1
0.353217
143298
2
17
7
7
2
17
7
7
2
3
0
6
0
3
2
6
2
4
3
0
3
2
3
0
6
2
6
3
4
2
0
0
2
0
0
2
2
2
3
3
3
3
6
3
3
6
6
6
4
4
4
7
7
2
3
0
6
0
3
2
6
2
4
3
0
3
2
3
0
6
2
6
3
4
2
0
0
2
0
0
2
2
2
3
3
3
3
6
3
3
6
6
6
4
4
4

874
1
0.346714
16112
2
9
11
6
2
9
11
6
1
5
0
10
0
5
5
10
5
6
6
1
0
0
4
0
0
5
4
5
5
6
0
11
6
1
5
0
10
0
5
5
10
5
6
6
1
0
0
4
0
0
5
4
5
5
6
0

1655
-1
0.340278
114605
7
0
8
7
7
0
8
7
2
0
0
7
0
0
1
7
1
8
2
0
4
7
4
0
6
7
6
8
3
1
0
2
7
2
0
4
7
4
8
3
3
8
7
2
0
0
7
0
0
1
7
1
8
2
0
4
7
4
0
6
7
6
8
3
1
0
2
7
2
0
4
7
4
8
3
3

156
1
0.419502
10434
12
0
9
6
12
0
9
6
1
4
0
8
0
4
5
8
5
5
6
1
0
0
3
0
0
5
3
5
4
6
0
9
6
1
4
0
8
0
4
5
8
5
5
6
1
0
0
3
0
0
5
3
5
4
6
0

3078
1
0.379532
70868
2
11
22
13
2
11
22
13
1
0
6
21
6
0
12
21
12
22
7
1
0
0
21
0
0
5
21
5
22
6
1
22
13
1
0
6
21
6
0
12
21
12
22
7
1
0
0
21
0
0
5
21
5
22
6
1

1689
-1
0.367448
31959
0
18
19
6
0
18
19
6
1
9
0
18
0
9
5
18
5
10
6
1
0
0
8
0
0
5
8
5
9
6
0
19
6
1
9
0
18
0
9
5
18
5
10
6
1
0
0
8
0
0
5
8
5
9
6
0

566
1
0.345105
27483
4
2
16
6
4
2
16
6
1
8
0
15
0
8
5
15
5
8
6
1
0
0
7
0
0
5
7
5
8
6
0
16
6
1
8
0
15
0
8
5
15
5
8
6
1
0
0
7
0
0
5
7
5
8
6
0

300
-1
0.403071
525
9
2
6
7
9
2
6
7
1
3
0
5
0
3
6
5
6
3
7
1
0
0
2
0
0
6
2
6
3
7
0
6
7
1
3
0
5
0
3
6
5
6
3
7
1
0
0
2
0
0
6
2
6
3
7
0

258
1
0.342223
35735
0
14
6
6
0
14
6
6
1
0
3
5
3
0
5
5
5
6
3
1
0
0
5
0
0
2
5
2
6
3
1
6
6
1
0
3
5
3
0
5
5
5
6
3
1
0
0
5
0
0
2
5
2
6
3
1

52
1
0.392231
25668
8
1
15
6
8
1
15
6
1
7
0
14
0
7
5
14
5
8
6
1
0
0
6
0
0
5
6
5
7
6
0
15
6
1
7
0
14
0
7
5
14
5
8
6
1
0
0
6
0
0
5
6
5
7
6
0

2925
-1
0.46564
69359
0
3
20
13
0
3
20
13
1
0
6
19
6
0
12
19
12
20
7
1
0
0
19
0
0
5
19
5
20
6
1
20
13
1
0
6
19
6
0
12
19
12
20
7
1
0
0
19
0
0
5
19
5
20
6
1

276
1
0.34419
60515
10
6
14
13
10
6
14
13
1
0
6
13
6
0
12
13
12
14
7
1
0
0
13
0
0
5
13
5
14
6
1
14
13
1
0
6
13
6
0
12
13
12
14
7
1
0
0
13
0
0
5
13
5
14
6
1

545
1
0.386728
48969
0
18
10
6
0
18
10
6
1
0
3
9
3
0
5
9
5
10
3
1
0
0
9
0
0
2
9
2
10
3
1
10
6
1
0
3
9
3
0
5
9
5
10
3
1
0
0
9
0
0
2
9
2
10
3
1

109
-1
0.334189
143124
12
12
6
6
12
12
6
6
2
3
0
5
0
3
2
5
2
3
3
0
3
2
3
0
5
2
5
3
3
2
0
0
2
0
0
2
2
2
3
3
3
3
5
3
3
5
5
5
3
3
4
6
6
2
3
0
5
0
3
2
5
2
3
3
0
3
2
3
0
5
2
5
3
3
2
0
0
2
0
0
2
2
2
3
3
3
3
5
3
3
5
5
5
3
3
4

218
1
0.318741
39471
8
7
7
6
8
7
7
6
1
0
3
6
3
0
5
6
5
7
3
1
0
0
6
0
0
2
6
2
7
3
1
7
6
1
0
3
6
3
0
5
6
5
7
3
1
0
0
6
0
0
2
6
2
7
3
1

979
1
0.31837
84808
7
3
10
6
7
3
10
6
2
0
0
2
0
0
5
2
5
3
6
6
0
9
0
6
5
9
5
4
6
1
3
0
6
0
3
5
6
5
4
6
2
10
6
2
0
0
2
0
0
5
2
5
3
6
6
0
9
0
6
5
9
5
4
6
1
3
0
6
0
3
5
6
5
4
6
2

3488
-1
0.393031
110016
10
8
6
16
10
8
6
16
2
0
0
5
0
0
4
5
4
6
5
0
10
5
10
0
15
5
15
6
6
1
0
5
5
5
0
10
5
10
6
6
3
6
16
2
0
0
5
0
0
4
5
4
6
5
0
10
5
10
0
15
5
15
6
6
1
0
5
5
5
0
10
5
10
6
6
3

2021
1
0.345897
117534
8
13
9
6
8
13
9
6
2
0
0
8
0
0
1
8
1
9
2
0
4
8
4
0
5
8
5
9
2
1
0
2
8
2
0
3
8
3
9
2
3
9
6
2
0
0
8
0
0
1
8
1
9
2
0
4
8
4
0
5
8
5
9
2
1
0
2
8
2
0
3
8
3
9
2
3

106
-1
0.322141
142903
1
0
6
6
1
0
6
6
2
3
0
5
0
3
2
5
2
3
3
0
3
2
3
0
5
2
5
3
3
2
0
0
2
0
0
2
2
2
3
3
3
3
5
3
3
5
5
5
3
3
4
6
6
2
3
0
5
0
3
2
5
2
3
3
0
3
2
3
0
5
2
5
3
3
2
0
0
2
0
0
2
2
2
3
3
3
3
5
3
3
5
5
5
3
3
4

19
1
0.337497
143502
14
5
7
7
14
5
7
7
2
3
0
6
0
3
2
6
2
4
3
0
3
2
3
0
6
2
6
3
4
2
0
0
2
0
0
2
2
2
3
3
3
3
6
3
3
6
6
6
4
4
4
7
7
2
3
0
6
0
3
2
6
2
4
3
0
3
2
3
0
6
2
6
3
4
2
0
0
2
0
0
2
2
2
3
3
3
3
6
3
3
6
6
6
4
4
4

928
1
0.418411
144922
6
8
14
14
6
8
14
14
2
7
0
13
0
7
6
13
6
7
7
0
7
6
7
0
13
6
13
7
7
2
0
0
6
0
0
6
6
6
7
7
7
7
13
7
7
13
13
13
7
7
4
14
14
2
7
0
13
0
7
6
13
6
7
7
0
7
6
7
0
13
6
13
7
7
2
0
0
6
0
0
6
6
6
7
7
7
7
13
7
7
13
13
13
7
7
4

375
-1
0.334916
2139
0
11
6
13
0
11
6
13
1
3
0
5
0
3
12
5
12
3
13
1
0
0
2
0
0
12
2
12
3
13
0
6
13
1
3
0
5
0
3
12
5
12
3
13
1
0
0
2
0
0
12
2
12
3
13
0

1109
-1
0.303192
37565
16
5
6
11
16
5
6
11
1
0
5
5
5
0
10
5
10
6
6
1
0
0
5
0
0
4
5
4
6
5
1
6
11
1
0
5
5
5
0
10
5
10
6
6
1
0
0
5
0
0
4
5
4
6
5
1

209
1
0.322643
36859
7
0
6
9
7
0
6
9
1
0
4
5
4
0
8
5
8
6
5
1
0
0
5
0
0
3
5
3
6
4
1
6
9
1
0
4
5
4
0
8
5
8
6
5
1
0
0
5
0
0
3
5
3
6
4
1

622
-1
0.331036
67889
0
5
19
8
0
5
19
8
1
0
4
18
4
0
7
18
7
19
4
1
0
0
18
0
0
3
18
3
19
4
1
19
8
1
0
4
18
4
0
7
18
7
19
4
1
0
0
18
0
0
3
18
3
19
4
1

1011
1
0.326755
48610
13
0
9
18
13
0
9
18
1
0
9
8
9
0
17
8
17
9
9
1
0
0
8
0
0
8
8
8
9
9
1
9
18
1
0
9
8
9
0
17
8
17
9
9
1
0
0
8
0
0
8
8
8
9
9
1

767
-1
0.318715
18939
12
0
12
6
12
0
12
6
1
6
0
11
0
6
5
11
5
6
6
1
0
0
5
0
0
5
5
5
6
6
0
12
6
1
6
0
11
0
6
5
11
5
6
6
1
0
0
5
0
0
5
5
5
6
6
0

771
1
0.312568
25650
7
2
15
6
7
2
15
6
1
7
0
14
0
7
5
14
5
8
6
1
0
0
6
0
0
5
6
5
7
6
0
15
6
1
7
0
14
0
7
5
14
5
8
6
1
0
0
6
0
0
5
6
5
7
6
0

1336
-1
0.307189
27737
8
17
16
7
8
17
16
7
1
8
0
15
0
8
6
15
6
8
7
1
0
0
7
0
0
6
7
6
8
7
0
16
7
1
8
0
15
0
8
6
15
6
8
7
1
0
0
7
0
0
6
7
6
8
7
0

481
1
0.329073
7266
14
7
8
6
14
7
8
6
1
4
0
7
0
4
5
7
5
4
6
1
0
0
3
0
0
5
3
5
4
6
0
8
6
1
4
0
7
0
4
5
7
5
4
6
1
0
0
3
0
0
5
3
5
4
6
0

135
1
0.345836
16584
0
1
11
8
0
1
11
8
1
5
0
10
0
5
7
10
7
6
8
1
0
0
4
0
0
7
4
7
5
8
0
11
8
1
5
0
10
0
5
7
10
7
6
8
1
0
0
4
0
0
7
4
7
5
8
0

2885
-1
0.406085
115964
9
8
8
12
9
8
8
12
2
0
0
7
0
0
3
7
3
8
4
0
8
7
8
0
11
7
11
8
4
1
0
4
7
4
0
7
7
7
8
4
3
8
12
2
0
0
7
0
0
3
7
3
8
4
0
8
7
8
0
11
7
11
8
4
1
0
4
7
4
0
7
7
7
8
4
3

267
1
0.342243
37345
0
9
6
11
0
9
6
11
1
0
5
5
5
0
10
5
10
6
6
1
0
0
5
0
0
4
5
4
6
5
1
6
11
1
0
5
5
5
0
10
5
10
6
6
1
0
0
5
0
0
4
5
4
6
5
1

129
-1
0.315033
35910
9
18
6
6
9
18
6
6
1
0
3
5
3
0
5
5
5
6
3
1
0
0
5
0
0
2
5
2
6
3
1
6
6
1
0
3
5
3
0
5
5
5
6
3
1
0
0
5
0
0
2
5
2
6
3
1

184
1
0.314004
143306
3
7
7
7
3
7
7
7
2
3
0
6
0
3
2
6
2
4
3
0
3
2
3
0
6
2
6
3
4
2
0
0
2
0
0
2
2
2
3
3
3
3
6
3
3
6
6
6
4
4
4
7
7
2
3
0
6
0
3
2
6
2
4
3
0
3
2
3
0
6
2
6
3
4
2
0
0
2
0
0
2
2
2
3
3
3
3
6
3
3
6
6
6
4
4
4

279
-1
0.311636
143533
16
0
7
7
16
0
7
7
2
3
0
6
0
3
2
6
2
4
3
0
3
2
3
0
6
2
6
3
4
2
0
0
2
0
0
2
2
2
3
3
3
3
6
3
3
6
6
6
4
4
4
7
7
2
3
0
6
0
3
2
6
2
4
3
0
3
2
3
0
6
2
6
3
4
2
0
0
2
0
0
2
2
2
3
3
3
3
6
3
3
6
6
6
4
4
4

898
1
0.305235
10879
4
13
9
8
4
13
9
8
1
4
0
8
0
4
7
8
7
5
8
1
0
0
3
0
0
7
3
7
4
8
0
9
8
1
4
0
8
0
4
7
8
7
5
8
1
0
0
3
0
0
7
3
7
4
8
0

2545
-1
0.306254
108317
8
0
6
9
8
0
6
9
2
0
0
5
0
0
2
5
2
6
3
0
6
5
6
0
8
5
8
6
3
1
0
3
5
3
0
5
5
5
6
3
3
6
9
2
0
0
5
0
0
2
5
2
6
3
0
6
5
6
0
8
5
8
6
3
1
0
3
5
3
0
5
5
5
6
3
3

134
1
0.334266
144444
7
7
11
11
7
7
11
11
2
5
0
10
0
5
4
10
4
6
5
0
5
4
5
0
10
4
10
5
6
2
0
0
4
0
0
4
4
4
5
5
5
5
10
5
5
10
10
10
6
6
4
11
11
2
5
0
10
0
5
4
10
4
6
5
0
5
4
5
0
10
4
10
5
6
2
0
0
4
0
0
4
4
4
5
5
5
5
10
5
5
10
10
10
6
6
4

248
-1
0.344044
825
7
3
6
8
7
3
6
8
1
3
0
5
0
3
7
5
7
3
8
1
0
0
2
0
0
7
2
7
3
8
0
6
8
1
3
0
5
0
3
7
5
7
3
8
1
0
0
2
0
0
7
2
7
3
8
0

576
1
0.320004
20277
9
2
12
13
9
2
12
13
1
6
0
11
0
6
12
11
12
6
13
1
0
0
5
0
0
12
5
12
6
13
0
12
13
1
6
0
11
0
6
12
11
12
6
13
1
0
0
5
0
0
12
5
12
6
13
0

2788
-1
0.328775
35288
0
5
22
19
0
5
22
19
1
11
0
21
0
11
18
21
18
11
19
1
0
0
10
0
0
18
10
18
11
19
0
22
19
1
11
0
21
0
11
18
21
18
11
19
1
0
0
10
0
0
18
10
18
11
19
0

3871
1
0.340909
73796
18
10
6
13
18
10
6
13
2
0
0
1
0
0
12
1
12
2
13
4
0
5
0
4
12
5
12
2
13
1
2
0
3
0
2
12
3
12
2
13
2
6
13
2
0
0
1
0
0
12
1
12
2
13
4
0
5
0
4
12
5
12
2
13
1
2
0
3
0
2
12
3
12
2
13
2

32
1
0.33899
27971
5
0
16
9
5
0
16
9
1
8
0
15
0
8
8
15
8
8
9
1
0
0
7
0
0
8
7
8
8
9
0
16
9
1
8
0
15
0
8
8
15
8
8
9
1
0
0
7
0
0
8
7
8
8
9
0

264
1
0.401113
143063
9
8
6
6
9
8
6
6
2
3
0
5
0
3
2
5
2
3
3
0
3
2
3
0
5
2
5
3
3
2
0
0
2
0
0
2
2
2
3
3
3
3
5
3
3
5
5
5
3
3
4
6
6
2
3
0
5
0
3
2
5
2
3
3
0
3
2
3
0
5
2
5
3
3
2
0
0
2
0
0
2
2
2
3
3
3
3
5
3
3
5
5
5
3
3
4

437
-1
0.306871
877
10
4
6
8
10
4
6
8
1
3
0
5
0
3
7
5
7
3
8
1
0
0
2
0
0
7
2
7
3
8
0
6
8
1
3
0
5
0
3
7
5
7
3
8
1
0
0
2
0
0
7
2
7
3
8
0

1071
1
0.308061
20227
5
0
12
13
5
0
12
13
1
6
0
11
0
6
12
11
12
6
13
1
0
0
5
0
0
12
5
12
6
13
0
12
13
1
6
0
11
0
6
12
11
12
6
13
1
0
0
5
0
0
12
5
12
6
13
0

1698
-1
0.292421
5783
14
8
7
13
14
8
7
13
1
3
0
6
0
3
12
6
12
4
13
1
0
0
2
0
0
12
2
12
3
13
0
7
13
1
3
0
6
0
3
12
6
12
4
13
1
0
0
2
0
0
12
2
12
3
13
0

232
1
0.28917
12191
0
1
9
14
0
1
9
14
1
4
0
8
0
4
13
8
13
5
14
1
0
0
3
0
0
13
3
13
4
14
0
9
14
1
4
0
8
0
4
13
8
13
5
14
1
0
0
3
0
0
13
3
13
4
14
0

1994
-1
0.389005
59787
2
4
14
9
2
4
14
9
1
0
4
13
4
0
8
13
8
14
5
1
0
0
13
0
0
3
13
3
14
4
1
14
9
1
0
4
13
4
0
8
13
8
14
5
1
0
0
13
0
0
3
13
3
14
4
1

451
1
0.30734
38073
18
8
6
13
18
8
6
13
1
0
6
5
6
0
12
5
12
6
7
1
0
0
5
0
0
5
5
5
6
6
1
6
13
1
0
6
5
6
0
12
5
12
6
7
1
0
0
5
0
0
5
5
5
6
6
1

331
-1
0.312866
1451
8
1
6
10
8
1
6
10
1
3
0
5
0
3
9
5
9
3
10
1
0
0
2
0
0
9
2
9
3
10
0
6
10
1
3
0
5
0
3
9
5
9
3
10
1
0
0
2
0
0
9
2
9
3
10
0

378
1
0.30846
7359
2
7
8
7
2
7
8
7
1
4
0
7
0
4
6
7
6
4
7
1
0
0
3
0
0
6
3
6
4
7
0
8
7
1
4
0
7
0
4
6
7
6
4
7
1
0
0
3
0
0
6
3
6
4
7
0

63
1
0.318884
56596
8
2
12
18
8
2
12
18
1
0
9
11
9
0
17
11
17
12
9
1
0
0
11
0
0
8
11
8
12
9
1
12
18
1
0
9
11
9
0
17
11
17
12
9
1
0
0
11
0
0
8
11
8
12
9
1

209
-1
0.376173
6993
0
0
8
6
0
0
8
6
1
4
0
7
0
4
5
7
5
4
6
1
0
0
3
0
0
5
3
5
4
6
0
8
6
1
4
0
7
0
4
5
7
5
4
6
1
0
0
3
0
0
5
3
5
4
6
0

458
1
0.302519
49234
14
17
10
6
14
17
10
6
1
0
3
9
3
0
5
9
5
10
3
1
0
0
9
0
0
2
9
2
10
3
1
10
6
1
0
3
9
3
0
5
9
5
10
3
1
0
0
9
0
0
2
9
2
10
3
1

68
1
0.314495
40295
0
11
7
9
0
11
7
9
1
0
4
6
4
0
8
6
8
7
5
1
0
0
6
0
0
3
6
3
7
4
1
7
9
1
0
4
6
4
0
8
6
8
7
5
1
0
0
6
0
0
3
6
3
7
4
1

1118
-1
0.359358
46488
14
5
9
7
14
5
9
7
1
0
3
8
3
0
6
8
6
9
4
1
0
0
8
0
0
2
8
2
9
3
1
9
7
1
0
3
8
3
0
6
8
6
9
4
1
0
0
8
0
0
2
8
2
9
3
1

222
-1
0.292653
36065
18
2
6
6
18
2
6
6
1
0
3
5
3
0
5
5
5
6
3
1
0
0
5
0
0
2
5
2
6
3
1
6
6
1
0
3
5
3
0
5
5
5
6
3
1
0
0
5
0
0
2
5
2
6
3
1

91
1
0.327897
4204
15
1
7
7
15
1
7
7
1
3
0
6
0
3
6
6
6
4
7
1
0
0
2
0
0
6
2
6
3
7
0
7
7
1
3
0
6
0
3
6
6
6
4
7
1
0
0
2
0
0
6
2
6
3
7
0

859
1
0.397058
36298
12
0
6
7
12
0
6
7
1
0
3
5
3
0
6
5
6
6
4
1
0
0
5
0
0
2
5
2
6
3
1
6
7
1
0
3
5
3
0
6
5
6
6
4
1
0
0
5
0
0
2
5
2
6
3
1

370
-1
0.293634
1025
18
16
6
8
18
16
6
8
1
3
0
5
0
3
7
5
7
3
8
1
0
0
2
0
0
7
2
7
3
8
0
6
8
1
3
0
5
0
3
7
5
7
3
8
1
0
0
2
0
0
7
2
7
3
8
0

119
1
0.289394
143559
17
8
7
7
17
8
7
7
2
3
0
6
0
3
2
6
2
4
3
0
3
2
3
0
6
2
6
3
4
2
0
0
2
0
0
2
2
2
3
3
3
3
6
3
3
6
6
6
4
4
4
7
7
2
3
0
6
0
3
2
6
2
4
3
0
3
2
3
0
6
2
6
3
4
2
0
0
2
0
0
2
2
2
3
3
3
3
6
3
3
6
6
6
4
4
4

4185
1
0.283832
77265
0
0
7
14
0
0
7
14
2
0
0
1
0
0
13
1
13
2
14
4
0
6
0
4
13
6
13
3
14
1
2
0
4
0
2
13
4
13
3
14
2
7
14
2
0
0
1
0
0
13
1
13
2
14
4
0
6
0
4
13
6
13
3
14
1
2
0
4
0
2
13
4
13
3
14
2

3700
-1
0.324591
34038
0
18
21
6
0
18
21
6
1
10
0
20
0
10
5
20
5
11
6
1
0
0
9
0
0
5
9
5
10
6
0
21
6
1
10
0
20
0
10
5
20
5
11
6
1
0
0
9
0
0
5
9
5
10
6
0

1099
-1
0.321342
43059
1
4
8
7
1
4
8
7
1
0
3
7
3
0
6
7
6
8
4
1
0
0
7
0
0
2
7
2
8
3
1
8
7
1
0
3
7
3
0
6
7
6
8
4
1
0
0
7
0
0
2
7
2
8
3
1

1665
1
0.285716
58840
1
0
13
18
1
0
13
18
1
0
9
12
9
0
17
12
17
13
9
1
0
0
12
0
0
8
12
8
13
9
1
13
18
1
0
9
12
9
0
17
12
17
13
9
1
0
0
12
0
0
8
12
8
13
9
1

17
1
0.300327
143891
2
1
9
9
2
1
9
9
2
4
0
8
0
4
3
8
3
5
4
0
4
3
4
0
8
3
8
4
5
2
0
0
3
0
0
3
3
3
4
4
4
4
8
4
4
8
8
8
5
5
4
9
9
2
4
0
8
0
4
3
8
3
5
4
0
4
3
4
0
8
3
8
4
5
2
0
0
3
0
0
3
3
3
4
4
4
4
8
4
4
8
8
8
5
5
4

93
-1
0.354508
35870
7
16
6
6
7
16
6
6
1
0
3
5
3
0
5
5
5
6
3
1
0
0
5
0
0
2
5
2
6
3
1
6
6
1
0
3
5
3
0
5
5
5
6
3
1
0
0
5
0
0
2
5
2
6
3
1

350
1
0.286651
45943
0
16
9
6
0
16
9
6
1
0
3
8
3
0
5
8
5
9
3
1
0
0
8
0
0
2
8
2
9
3
1
9
6
1
0
3
8
3
0
5
8
5
9
3
1
0
0
8
0
0
2
8
2
9
3
1

329
-1
0.296292
143262
0
17
7
7
0
17
7
7
2
3
0
6
0
3
2
6
2
4
3
0
3
2
3
0
6
2
6
3
4
2
0
0
2
0
0
2
2
2
3
3
3
3
6
3
3
6
6
6
4
4
4
7
7
2
3
0
6
0
3
2
6
2
4
3
0
3
2
3
0
6
2
6
3
4
2
0
0
2
0
0
2
2
2
3
3
3
3
6
3
3
6
6
6
4
4
4

1696
1
0.284205
71311
1
11
23
13
1
11
23
13
1
0
6
22
6
0
12
22
12
23
7
1
0
0
22
0
0
5
22
5
23
6
1
23
13
1
0
6
22
6
0
12
22
12
23
7
1
0
0
22
0
0
5
22
5
23
6
1

722
-1
0.292051
3727
7
3
7
6
7
3
7
6
1
3
0
6
0
3
5
6
5
4
6
1
0
0
2
0
0
5
2
5
3
6
0
7
6
1
3
0
6
0
3
5
6
5
4
6
1
0
0
2
0
0
5
2
5
3
6
0

153
1
0.306249
58982
10
5
13
19
10
5
13
19
1
0
9
12
9
0
18
12
18
13
10
1
0
0
12
0
0
8
12
8
13
9
1
13
19
1
0
9
12
9
0
18
12
18
13
10
1
0
0
12
0
0
8
12
8
13
9
1

2365
1
0.337464
110949
10
5
7
6
10
5
7
6
2
0
0
6
0
0
1
6
1
7
2
0
4
6
4
0
5
6
5
7
2
1
0
2
6
2
0
3
6
3
7
2
3
7
6
2
0
0
6
0
0
1
6
1
7
2
0
4
6
4
0
5
6
5
7
2
1
0
2
6
2
0
3
6
3
7
2
3

2721
-1
0.292127
57699
10
2
13
9
10
2
13
9
1
0
4
12
4
0
8
12
8
13
5
1
0
0
12
0
0
3
12
3
13
4
1
13
9
1
0
4
12
4
0
8
12
8
13
5
1
0
0
12
0
0
3
12
3
13
4
1

915
1
0.292498
64069
4
0
16
12
4
0
16
12
1
0
6
15
6
0
11
15
11
16
6
1
0
0
15
0
0
5
15
5
16
6
1
16
12
1
0
6
15
6
0
11
15
11
16
6
1
0
0
15
0
0
5
15
5
16
6
1

152
-1
0.287217
35947
11
17
6
6
11
17
6
6
1
0
3
5
3
0
5
5
5
6
3
1
0
0
5
0
0
2
5
2
6
3
1
6
6
1
0
3
5
3
0
5
5
5
6
3
1
0
0
5
0
0
2
5
2
6
3
1

62
1
0.30462
144014
9
12
9
9
9
12
9
9
2
4
0
8
0
4
3
8
3
5
4
0
4
3
4
0
8
3
8
4
5
2
0
0
3
0
0
3
3
3
4
4
4
4
8
4
4
8
8
8
5
5
4
9
9
2
4
0
8
0
4
3
8
3
5
4
0
4
3
4
0
8
3
8
4
5
2
0
0
3
0
0
3
3
3
4
4
4
4
8
4
4
8
8
8
5
5
4

415
1
0.313644
143704
7
16
8
8
7
16
8
8
2
4
0
7
0
4
3
7
3
4
4
0
4
3
4
0
7
3
7
4
4
2
0
0
3
0
0
3
3
3
4
4
4
4
7
4
4
7
7
7
4
4
4
8
8
2
4
0
7
0
4
3
7
3
4
4
0
4
3
4
0
7
3
7
4
4
2
0
0
3
0
0
3
3
3
4
4
4
4
7
4
4
7
7
7
4
4
4

560
-1
0.28966
144270
10
6
10
10
10
6
10
10
2
5
0
9
0
5
4
9
4
5
5
0
5
4
5
0
9
4
9
5
5
2
0
0
4
0
0
4
4
4
5
5
5
5
9
5
5
9
9
9
5
5
4
10
10
2
5
0
9
0
5
4
9
4
5
5
0
5
4
5
0
9
4
9
5
5
2
0
0
4
0
0
4
4
4
5
5
5
5
9
5
5
9
9
9
5
5
4

356
1
0.282167
143555
17
4
7
7
17
4
7
7
2
3
0
6
0
3
2
6
2
4
3
0
3
2
3
0
6
2
6
3
4
2
0
0
2
0
0
2
2
2
3
3
3
3
6
3
3
6
6
6
4
4
4
7
7
2
3
0
6
0
3
2
6
2
4
3
0
3
2
3
0
6
2
6
3
4
2
0
0
2
0
0
2
2
2
3
3
3
3
6
3
3
6
6
6
4
4
4

63
1
0.288906
24082
3
4
14
9
3
4
14
9
1
7
0
13
0
7
8
13
8
7
9
1
0
0
6
0
0
8
6
8
7
9
0
14
9
1
7
0
13
0
7
8
13
8
7
9
1
0
0
6
0
0
8
6
8
7
9
0

148
-1
0.345111
345
18
3
6
6
18
3
6
6
1
3
0
5
0
3
5
5
5
3
6
1
0
0
2
0
0
5
2
5
3
6
0
6
6
1
3
0
5
0
3
5
5
5
3
6
1
0
0
2
0
0
5
2
5
3
6
0

1010
1
0.265665
20625
3
2
12
16
3
2
12
16
1
6
0
11
0
6
15
11
15
6
16
1
0
0
5
0
0
15
5
15
6
16
0
12
16
1
6
0
11
0
6
15
11
15
6
16
1
0
0
5
0
0
15
5
15
6
16
0

1393
-1
0.297435
25515
0
0
15
6
0
0
15
6
1
7
0
14
0
7
5
14
5
8
6
1
0
0
6
0
0
5
6
5
7
6
0
15
6
1
7
0
14
0
7
5
14
5
8
6
1
0
0
6
0
0
5
6
5
7
6
0

1795
1
0.302752
72127
18
0
6
7
18
0
6
7
2
0
0
1
0
0
6
1
6
2
7
4
0
5
0
4
6
5
6
2
7
1
2
0
3
0
2
6
3
6
2
7
2
6
7
2
0
0
1
0
0
6
1
6
2
7
4
0
5
0
4
6
5
6
2
7
1
2
0
3
0
2
6
3
6
2
7
2

7781
-1
0.291768
127402
6
0
12
13
6
0
12
13
2
0
0
11
0
0
3
11
3
12
4
0
8
11
8
0
12
11
12
12
5
1
0
4
11
4
0
8
11
8
12
5
3
12
13
2
0
0
11
0
0
3
11
3
12
4
0
8
11
8
0
12
11
12
12
5
1
0
4
11
4
0
8
11
8
12
5
3

1114
1
0.282741
11359
2
3
9
10
2
3
9
10
1
4
0
8
0
4
9
8
9
5
10
1
0
0
3
0
0
9
3
9
4
10
0
9
10
1
4
0
8
0
4
9
8
9
5
10
1
0
0
3
0
0
9
3
9
4
10
0

435
-1
0.263628
52527
13
2
11
8
13
2
11
8
1
0
4
10
4
0
7
10
7
11
4
1
0
0
10
0
0
3
10
3
11
4
1
11
8
1
0
4
10
4
0
7
10
7
11
4
1
0
0
10
0
0
3
10
3
11
4
1

116
1
0.287897
45347
1
7
8
17
1
7
8
17
1
0
8
7
8
0
16
7
16
8
9
1
0
0
7
0
0
7
7
7
8
8
1
8
17
1
0
8
7
8
0
16
7
16
8
9
1
0
0
7
0
0
7
7
7
8
8
1

475
1
0.344563
266
14
0
6
6
14
0
6
6
1
3
0
5
0
3
5
5
5
3
6
1
0
0
2
0
0
5
2
5
3
6
0
6
6
1
3
0
5
0
3
5
5
5
3
6
1
0
0
2
0
0
5
2
5
3
6
0

5234
-1
0.286408
35336
2
2
22
22
2
2
22
22
1
11
0
21
0
11
21
21
21
11
22
1
0
0
10
0
0
21
10
21
11
22
0
22
22
1
11
0
21
0
11
21
21
21
11
22
1
0
0
10
0
0
21
10
21
11
22
0

1020
1
0.294856
27668
5
2
16
7
5
2
16
7
1
8
0
15
0
8
6
15
6
8
7
1
0
0
7
0
0
6
7
6
8
7
0
16
7
1
8
0
15
0
8
6
15
6
8
7
1
0
0
7
0
0
6
7
6
8
7
0

1748
-1
0.283142
21186
0
18
13
6
0
18
13
6
1
6
0
12
0
6
5
12
5
7
6
1
0
0
5
0
0
5
5
5
6
6
0
13
6
1
6
0
12
0
6
5
12
5
7
6
1
0
0
5
0
0
5
5
5
6
6
0

1012
1
0.291979
48350
11
4
9
16
11
4
9
16
1
0
8
8
8
0
15
8
15
9
8
1
0
0
8
0
0
7
8
7
9
8
1
9
16
1
0
8
8
8
0
15
8
15
9
8
1
0
0
8
0
0
7
8
7
9
8
1

103
-1
0.293603
143104
11
11
6
6
11
11
6
6
2
3
0
5
0
3
2
5
2
3
3
0
3
2
3
0
5
2
5
3
3
2
0
0
2
0
0
2
2
2
3
3
3
3
5
3
3
5
5
5
3
3
4
6
6
2
3
0
5
0
3
2
5
2
3
3
0
3
2
3
0
5
2
5
3
3
2
0
0
2
0
0
2
2
2
3
3
3
3
5
3
3
5
5
5
3
3
4

158
1
0.252071
143376
7
5
7
7
7
5
7
7
2
3
0
6
0
3
2
6
2
4
3
0
3
2
3
0
6
2
6
3
4
2
0
0
2
0
0
2
2
2
3
3
3
3
6
3
3
6
6
6
4
4
4
7
7
2
3
0
6
0
3
2
6
2
4
3
0
3
2
3
0
6
2
6
3
4
2
0
0
2
0
0
2
2
2
3
3
3
3
6
3
3
6
6
6
4
4
4

1410
-1
0.282644
59989
4
2
14
10
4
2
14
10
1
0
5
13
5
0
9
13
9
14
5
1
0
0
13
0
0
4
13
4
14
5
1
14
10
1
0
5
13
5
0
9
13
9
14
5
1
0
0
13
0
0
4
13
4
14
5
1

879
-1
0.275801
16124
3
2
11
6
3
2
11
6
1
5
0
10
0
5
5
10
5
6
6
1
0
0
4
0
0
5
4
5
5
6
0
11
6
1
5
0
10
0
5
5
10
5
6
6
1
0
0
4
0
0
5
4
5
5
6
0

354
1
0.259305
46951
10
0
9
9
10
0
9
9
1
0
4
8
4
0
8
8
8
9
5
1
0
0
8
0
0
3
8
3
9
4
1
9
9
1
0
4
8
4
0
8
8
8
9
5
1
0
0
8
0
0
3
8
3
9
4
1

1187
-1
0.291152
107668
8
0
6
7
8
0
6
7
2
0
0
5
0
0
1
5
1
6
2
0
4
5
4
0
6
5
6
6
3
1
0
2
5
2
0
4
5
4
6
3
3
6
7
2
0
0
5
0
0
1
5
1
6
2
0
4
5
4
0
6
5
6
6
3
1
0
2
5
2
0
4
5
4
6
3
3

1102
1
0.285406
107735
11
13
6
7
11
13
6
7
2
0
0
5
0
0
1
5
1
6
2
0
4
5
4
0
6
5
6
6
3
1
0
2
5
2
0
4
5
4
6
3
3
6
7
2
0
0
5
0
0
1
5
1
6
2
0
4
5
4
0
6
5
6
6
3
1
0
2
5
2
0
4
5
4
6
3
3

729
-1
0.286416
36250
9
6
6
7
9
6
6
7
1
0
3
5
3
0
6
5
6
6
4
1
0
0
5
0
0
2
5
2
6
3
1
6
7
1
0
3
5
3
0
6
5
6
6
4
1
0
0
5
0
0
2
5
2
6
3
1

157
1
0.297688
144009
9
7
9
9
9
7
9
9
2
4
0
8
0
4
3
8
3
5
4
0
4
3
4
0
8
3
8
4
5
2
0
0
3
0
0
3
3
3
4
4
4
4
8
4
4
8
8
8
5
5
4
9
9
2
4
0
8
0
4
3
8
3
5
4
0
4
3
4
0
8
3
8
4
5
2
0
0
3
0
0
3
3
3
4
4
4
4
8
4
4
8
8
8
5
5
4

175
-1
0.271158
178
9
7
6
6
9
7
6
6
1
3
0
5
0
3
5
5
5
3
6
1
0
0
2
0
0
5
2
5
3
6
0
6
6
1
3
0
5
0
3
5
5
5
3
6
1
0
0
2
0
0
5
2
5
3
6
0

331
1
0.265434
24146
7
4
14
9
7
4
14
9
1
7
0
13
0
7
8
13
8
7
9
1
0
0
6
0
0
8
6
8
7
9
0
14
9
1
7
0
13
0
7
8
13
8
7
9
1
0
0
6
0
0
8
6
8
7
9
0

418
-1
0.301714
144827
10
3
13
13
10
3
13
13
2
6
0
12
0
6
5
12
5
7
6
0
6
5
6
0
12
5
12
6
7
2
0
0
5
0
0
5
5
5
6
6
6
6
12
6
6
12
12
12
7
7
4
13
13
2
6
0
12
0
6
5
12
5
7
6
0
6
5
6
0
12
5
12
6
7
2
0
0
5
0
0
5
5
5
6
6
6
6
12
6
6
12
12
12
7
7
4

173
1
0.260124
38863
9
1
6
18
9
1
6
18
1
0
9
5
9
0
17
5
17
6
9
1
0
0
5
0
0
8
5
8
6
9
1
6
18
1
0
9
5
9
0
17
5
17
6
9
1
0
0
5
0
0
8
5
8
6
9
1

390
1
0.313782
36072
18
9
6
6
18
9
6
6
1
0
3
5
3
0
5
5
5
6
3
1
0
0
5
0
0
2
5
2
6
3
1
6
6
1
0
3
5
3
0
5
5
5
6
3
1
0
0
5
0
0
2
5
2
6
3
1

238
-1
0.258931
143857
16
16
8
8
16
16
8
8
2
4
0
7
0
4
3
7
3
4
4
0
4
3
4
0
7
3
7
4
4
2
0
0
3
0
0
3
3
3
4
4
4
4
7
4
4
7
7
7
4
4
4
8
8
2
4
0
7
0
4
3
7
3
4
4
0
4
3
4
0
7
3
7
4
4
2
0
0
3
0
0
3
3
3
4
4
4
4
7
4
4
7
7
7
4
4
4

42
1
0.281236
143356
6
3
7
7
6
3
7
7
2
3
0
6
0
3
2
6
2
4
3
0
3
2
3
0
6
2
6
3
4
2
0
0
2
0
0
2
2
2
3
3
3
3
6
3
3
6
6
6
4
4
4
7
7
2
3
0
6
0
3
2
6
2
4
3
0
3
2
3
0
6
2
6
3
4
2
0
0
2
0
0
2
2
2
3
3
3
3
6
3
3
6
6
6
4
4
4

447
-1
0.329593
70541
2
6
22
6
2
6
22
6
1
0
3
21
3
0
5
21
5
22
3
1
0
0
21
0
0
2
21
2
22
3
1
22
6
1
0
3
21
3
0
5
21
5
22
3
1
0
0
21
0
0
2
21
2
22
3
1

124
1
0.266207
143276
1
13
7
7
1
13
7
7
2
3
0
6
0
3
2
6
2
4
3
0
3
2
3
0
6
2
6
3
4
2
0
0
2
0
0
2
2
2
3
3
3
3
6
3
3
6
6
6
4
4
4
7
7
2
3
0
6
0
3
2
6
2
4
3
0
3
2
3
0
6
2
6
3
4
2
0
0
2
0
0
2
2
2
3
3
3
3
6
3
3
6
6
6
4
4
4

298
-1
0.27783
376
0
15
6
7
0
15
6
7
1
3
0
5
0
3
6
5
6
3
7
1
0
0
2
0
0
6
2
6
3
7
0
6
7
1
3
0
5
0
3
6
5
6
3
7
1
0
0
2
0
0
6
2
6
3
7
0

202
1
0.27781
142931
2
9
6
6
2
9
6
6
2
3
0
5
0
3
2
5
2
3
3
0
3
2
3
0
5
2
5
3
3
2
0
0
2
0
0
2
2
2
3
3
3
3
5
3
3
5
5
5
3
3
4
6
6
2
3
0
5
0
3
2
5
2
3
3
0
3
2
3
0
5
2
5
3
3
2
0
0
2
0
0
2
2
2
3
3
3
3
5
3
3
5
5
5
3
3
4

150
1
0.298895
27162
3
6
15
18
3
6
15
18
1
7
0
14
0
7
17
14
17
8
18
1
0
0
6
0
0
17
6
17
7
18
0
15
18
1
7
0
14
0
7
17
14
17
8
18
1
0
0
6
0
0
17
6
17
7
18
0

3376
-1
0.325933
110317
10
6
6
18
10
6
6
18
2
0
0
5
0
0
5
5
5
6
6
0
12
5
12
0
17
5
17
6
6
1
0
6
5
6
0
11
5
11
6
6
3
6
18
2
0
0
5
0
0
5
5
5
6
6
0
12
5
12
0
17
5
17
6
6
1
0
6
5
6
0
11
5
11
6
6
3

1002
1
0.278613
84807
7
2
10
6
7
2
10
6
2
0
0
2
0
0
5
2
5
3
6
6
0
9
0
6
5
9
5
4
6
1
3
0
6
0
3
5
6
5
4
6
2
10
6
2
0
0
2
0
0
5
2
5
3
6
6
0
9
0
6
5
9
5
4
6
1
3
0
6
0
3
5
6
5
4
6
2

3404
1
0.319106
51504
3
0
10
19
3
0
10
19
1
0
9
9
9
0
18
9
18
10
10
1
0
0
9
0
0
8
9
8
10
9
1
10
19
1
0
9
9
9
0
18
9
18
10
10
1
0
0
9
0
0
8
9
8
10
9
1

122
1
0.275119
55715
12
10
12
11
12
10
12
11
1
0
5
11
5
0
10
11
10
12
6
1
0
0
11
0
0
4
11
4
12
5
1
12
11
1
0
5
11
5
0
10
11
10
12
6
1
0
0
11
0
0
4
11
4
12
5
1

160
-1
0.316761
154
8
2
6
6
8
2
6
6
1
3
0
5
0
3
5
5
5
3
6
1
0
0
2
0
0
5
2
5
3
6
0
6
6
1
3
0
5
0
3
5
5
5
3
6
1
0
0
2
0
0
5
2
5
3
6
0

352
1
0.255206
35776
2
17
6
6
2
17
6
6
1
0
3
5
3
0
5
5
5
6
3
1
0
0
5
0
0
2
5
2
6
3
1
6
6
1
0
3
5
3
0
5
5
5
6
3
1
0
0
5
0
0
2
5
2
6
3
1

79
1
0.298922
41648
9
5
7
14
9
5
7
14
1
0
7
6
7
0
13
6
13
7
7
1
0
0
6
0
0
6
6
6
7
7
1
7
14
1
0
7
6
7
0
13
6
13
7
7
1
0
0
6
0
0
6
6
6
7
7
1

3375
-1
0.316805
71236
0
2
23
11
0
2
23
11
1
0
5
22
5
0
10
22
10
23
6
1
0
0
22
0
0
4
22
4
23
5
1
23
11
1
0
5
22
5
0
10
22
10
23
6
1
0
0
22
0
0
4
22
4
23
5
1

197
1
0.276667
4276
1
2
7
8
1
2
7
8
1
3
0
6
0
3
7
6
7
4
8
1
0
0
2
0
0
7
2
7
3
8
0
7
8
1
3
0
6
0
3
7
6
7
4
8
1
0
0
2
0
0
7
2
7
3
8
0

1317
1
0.320904
23514
4
2
14
6
4
2
14
6
1
7
0
13
0
7
5
13
5
7
6
1
0
0
6
0
0
5
6
5
7
6
0
14
6
1
7
0
13
0
7
5
13
5
7
6
1
0
0
6
0
0
5
6
5
7
6
0

608
-1
0.285739
35903
9
11
6
6
9
11
6
6
1
0
3
5
3
0
5
5
5
6
3
1
0
0
5
0
0
2
5
2
6
3
1
6
6
1
0
3
5
3
0
5
5
5
6
3
1
0
0
5
0
0
2
5
2
6
3
1

723
1
0.289143
144622
6
9
12
12
6
9
12
12
2
6
0
11
0
6
5
11
5
6
6
0
6
5
6
0
11
5
11
6
6
2
0
0
5
0
0
5
5
5
6
6
6
6
11
6
6
11
11
11
6
6
4
12
12
2
6
0
11
0
6
5
11
5
6
6
0
6
5
6
0
11
5
11
6
6
2
0
0
5
0
0
5
5
5
6
6
6
6
11
6
6
11
11
11
6
6
4

860
-1
0.26709
3602
0
11
7
6
0
11
7
6
1
3
0
6
0
3
5
6
5
4
6
1
0
0
2
0
0
5
2
5
3
6
0
7
6
1
3
0
6
0
3
5
6
5
4
6
1
0
0
2
0
0
5
2
5
3
6
0

4151
-1
0.265634
35567
0
0
23
13
0
0
23
13
1
11
0
22
0
11
12
22
12
12
13
1
0
0
10
0
0
12
10
12
11
13
0
23
13
1
11
0
22
0
11
12
22
12
12
13
1
0
0
10
0
0
12
10
12
11
13
0

18175
1
0.285406
106130
2
6
21
18
2
6
21
18
2
0
0
6
0
0
17
6
17
7
18
14
0
20
0
14
17
20
17
7
18
1
7
0
13
0
7
17
13
17
7
18
2
21
18
2
0
0
6
0
0
17
6
17
7
18
14
0
20
0
14
17
20
17
7
18
1
7
0
13
0
7
17
13
17
7
18
2

406
1
0.277183
29856
5
0
17
11
5
0
17
11
1
8
0
16
0
8
10
16
10
9
11
1
0
0
7
0
0
10
7
10
8
11
0
17
11
1
8
0
16
0
8
10
16
10
9
11
1
0
0
7
0
0
10
7
10
8
11
0

8811
-1
0.317024
106945
1
5
23
10
1
5
23
10
2
0
0
7
0
0
9
7
9
8
10
14
0
22
0
14
9
22
9
9
10
1
8
0
15
0
8
9
15
9
8
10
2
23
10
2
0
0
7
0
0
9
7
9
8
10
14
0
22
0
14
9
22
9
9
10
1
8
0
15
0
8
9
15
9
8
10
2

141
1
0.266055
36235
8
9
6
7
8
9
6
7
1
0
3
5
3
0
6
5
6
6
4
1
0
0
5
0
0
2
5
2
6
3
1
6
7
1
0
3
5
3
0
6
5
6
6
4
1
0
0
5
0
0
2
5
2
6
3
1

590
1
0.302469
49216
13
18
10
6
13
18
10
6
1
0
3
9
3
0
5
9
5
10
3
1
0
0
9
0
0
2
9
2
10
3
1
10
6
1
0
3
9
3
0
5
9
5
10
3
1
0
0
9
0
0
2
9
2
10
3
1

177
-1
0.27917
35908
9
16
6
6
9
16
6
6
1
0
3
5
3
0
5
5
5
6
3
1
0
0
5
0
0
2
5
2
6
3
1
6
6
1
0
3
5
3
0
5
5
5
6
3
1
0
0
5
0
0
2
5
2
6
3
1

147
1
0.291632
47427
10
0
9
11
10
0
9
11
1
0
5
8
5
0
10
8
10
9
6
1
0
0
8
0
0
4
8
4
9
5
1
9
11
1
0
5
8
5
0
10
8
10
9
6
1
0
0
8
0
0
4
8
4
9
5
1

347
1
0.311897
182
9
11
6
6
9
11
6
6
1
3
0
5
0
3
5
5
5
3
6
1
0
0
2
0
0
5
2
5
3
6
0
6
6
1
3
0
5
0
3
5
5
5
3
6
1
0
0
2
0
0
5
2
5
3
6
0

339
-1
0.29658
193
10
3
6
6
10
3
6
6
1
3
0
5
0
3
5
5
5
3
6
1
0
0
2
0
0
5
2
5
3
6
0
6
6
1
3
0
5
0
3
5
5
5
3
6
1
0
0
2
0
0
5
2
5
3
6
0

504
-1
0.285156
144958
10
0
14
14
10
0
14
14
2
7
0
13
0
7
6
13
6
7
7
0
7
6
7
0
13
6
13
7
7
2
0
0
6
0
0
6
6
6
7
7
7
7
13
7
7
13
13
13
7
7
4
14
14
2
7
0
13
0
7
6
13
6
7
7
0
7
6
7
0
13
6
13
7
7
2
0
0
6
0
0
6
6
6
7
7
7
7
13
7
7
13
13
13
7
7
4

383
1
0.273025
19525
7
0
12
9
7
0
12
9
1
6
0
11
0
6
8
11
8
6
9
1
0
0
5
0
0
8
5
8
6
9
0
12
9
1
6
0
11
0
6
8
11
8
6
9
1
0
0
5
0
0
8
5
8
6
9
0

437
-1
0.278585
20085
6
9
12
12
6
9
12
12
1
6
0
11
0
6
11
11
11
6
12
1
0
0
5
0
0
11
5
11
6
12
0
12
12
1
6
0
11
0
6
11
11
11
6
12
1
0
0
5
0
0
11
5
11
6
12
0

70
1
0.266736
143282
2
1
7
7
2
1
7
7
2
3
0
6
0
3
2
6
2
4
3
0
3
2
3
0
6
2
6
3
4
2
0
0
2
0
0
2
2
2
3
3
3
3
6
3
3
6
6
6
4
4
4
7
7
2
3
0
6
0
3
2
6
2
4
3
0
3
2
3
0
6
2
6
3
4
2
0
0
2
0
0
2
2
2
3
3
3
3
6
3
3
6
6
6
4
4
4

184
-1
0.282409
7203
11
1
8
6
11
1
8
6
1
4
0
7
0
4
5
7
5
4
6
1
0
0
3
0
0
5
3
5
4
6
0
8
6
1
4
0
7
0
4
5
7
5
4
6
1
0
0
3
0
0
5
3
5
4
6
0

234
1
0.262392
40567
17
11
7
9
17
11
7
9
1
0
4
6
4
0
8
6
8
7
5
1
0
0
6
0
0
3
6
3
7
4
1
7
9
1
0
4
6
4
0
8
6
8
7
5
1
0
0
6
0
0
3
6
3
7
4
1

868
1
0.291777
3565
6
0
6
23
6
0
6
23
1
3
0
5
0
3
22
5
22
3
23
1
0
0
2
0
0
22
2
22
3
23
0
6
23
1
3
0
5
0
3
22
5
22
3
23
1
0
0
2
0
0
22
2
22
3
23
0

421
-1
0.269293
39559
13
0
7
6
13
0
7
6
1
0
3
6
3
0
5
6
5
7
3
1
0
0
6
0
0
2
6
2
7
3
1
7
6
1
0
3
6
3
0
5
6
5
7
3
1
0
0
6
0
0
2
6
2
7
3
1

290
1
0.252769
42526
12
4
7
20
12
4
7
20
1
0
10
6
10
0
19
6
19
7
10
1
0
0
6
0
0
9
6
9
7
10
1
7
20
1
0
10
6
10
0
19
6
19
7
10
1
0
0
6
0
0
9
6
9
7
10
1

292
1
0.282677
143081
10
7
6
6
10
7
6
6
2
3
0
5
0
3
2
5
2
3
3
0
3
2
3
0
5
2
5
3
3
2
0
0
2
0
0
2
2
2
3
3
3
3
5
3
3
5
5
5
3
3
4
6
6
2
3
0
5
0
3
2
5
2
3
3
0
3
2
3
0
5
2
5
3
3
2
0
0
2
0
0
2
2
2
3
3
3
3
5
3
3
5
5
5
3
3
4

430
-1
0.291801
157
8
5
6
6
8
5
6
6
1
3
0
5
0
3
5
5
5
3
6
1
0
0
2
0
0
5
2
5
3
6
0
6
6
1
3
0
5
0
3
5
5
5
3
6
1
0
0
2
0
0
5
2
5
3
6
0

264
-1
0.271621
143316
3
17
7
7
3
17
7
7
2
3
0
6
0
3
2
6
2
4
3
0
3
2
3
0
6
2
6
3
4
2
0
0
2
0
0
2
2
2
3
3
3
3
6
3
3
6
6
6
4
4
4
7
7
2
3
0
6
0
3
2
6
2
4
3
0
3
2
3
0
6
2
6
3
4
2
0
0
2
0
0
2
2
2
3
3
3
3
6
3
3
6
6
6
4
4
4

597
1
0.26728
40736
10
14
7
10
10
14
7
10
1
0
5
6
5
0
9
6
9
7
5
1
0
0
6
0
0
4
6
4
7
5
1
7
10
1
0
5
6
5
0
9
6
9
7
5
1
0
0
6
0
0
4
6
4
7
5
1

1379
-1
0.260478
13514
14
18
10
6
14
18
10
6
1
5
0
9
0
5
5
9
5
5
6
1
0
0
4
0
0
5
4
5
5
6
0
10
6
1
5
0
9
0
5
5
9
5
5
6
1
0
0
4
0
0
5
4
5
5
6
0

138
-1
0.302137
35985
13
17
6
6
13
17
6
6
1
0
3
5
3
0
5
5
5
6
3
1
0
0
5
0
0
2
5
2
6
3
1
6
6
1
0
3
5
3
0
5
5
5
6
3
1
0
0
5
0
0
2
5
2
6
3
1

168
1
0.272097
143220
17
13
6
6
17
13
6
6
2
3
0
5
0
3
2
5
2
3
3
0
3
2
3
0
5
2
5
3
3
2
0
0
2
0
0
2
2
2
3
3
3
3
5
3
3
5
5
5
3
3
4
6
6
2
3
0
5
0
3
2
5
2
3
3
0
3
2
3
0
5
2
5
3
3
2
0
0
2
0
0
2
2
2
3
3
3
3
5
3
3
5
5
5
3
3
4

249
1
0.264941
32145
5
0
19
7
5
0
19
7
1
9
0
18
0
9
6
18
6
10
7
1
0
0
8
0
0
6
8
6
9
7
0
19
7
1
9
0
18
0
9
6
18
6
10
7
1
0
0
8
0
0
6
8
6
9
7
0

76
-1
0.2901
142884
0
0
6
6
0
0
6
6
2
3
0
5
0
3
2
5
2
3
3
0
3
2
3
0
5
2
5
3
3
2
0
0
2
0
0
2
2
2
3
3
3
3
5
3
3
5
5
5
3
3
4
6
6
2
3
0
5
0
3
2
5
2
3
3
0
3
2
3
0
5
2
5
3
3
2
0
0
2
0
0
2
2
2
3
3
3
3
5
3
3
5
5
5
3
3
4

144
1
0.250034
143322
4
5
7
7
4
5
7
7
2
3
0
6
0
3
2
6
2
4
3
0
3
2
3
0
6
2
6
3
4
2
0
0
2
0
0
2
2
2
3
3
3
3
6
3
3
6
6
6
4
4
4
7
7
2
3
0
6
0
3
2
6
2
4
3
0
3
2
3
0
6
2
6
3
4
2
0
0
2
0
0
2
2
2
3
3
3
3
6
3
3
6
6
6
4
4
4

90
-1
0.27381
143131
13
0
6
6
13
0
6
6
2
3
0
5
0
3
2
5
2
3
3
0
3
2
3
0
5
2
5
3
3
2
0
0
2
0
0
2
2
2
3
3
3
3
5
3
3
5
5
5
3
3
4
6
6
2
3
0
5
0
3
2
5
2
3
3
0
3
2
3
0
5
2
5
3
3
2
0
0
2
0
0
2
2
2
3
3
3
3
5
3
3
5
5
5
3
3
4

215
1
0.239373
35737
0
16
6
6
0
16
6
6
1
0
3
5
3
0
5
5
5
6
3
1
0
0
5
0
0
2
5
2
6
3
1
6
6
1
0
3
5
3
0
5
5
5
6
3
1
0
0
5
0
0
2
5
2
6
3
1

1084
-1
0.284264
41930
0
8
7
16
0
8
7
16
1
0
8
6
8
0
15
6
15
7
8
1
0
0
6
0
0
7
6
7
7
8
1
7
16
1
0
8
6
8
0
15
6
15
7
8
1
0
0
6
0
0
7
6
7
7
8
1

307
1
0.266799
35753
1
13
6
6
1
13
6
6
1
0
3
5
3
0
5
5
5
6
3
1
0
0
5
0
0
2
5
2
6
3
1
6
6
1
0
3
5
3
0
5
5
5
6
3
1
0
0
5
0
0
2
5
2
6
3
1

41
1
0.275176
145036
6
7
15
15
6
7
15
15
2
7
0
14
0
7
6
14
6
8
7
0
7
6
7
0
14
6
14
7
8
2
0
0
6
0
0
6
6
6
7
7
7
7
14
7
7
14
14
14
8
8
4
15
15
2
7
0
14
0
7
6
14
6
8
7
0
7
6
7
0
14
6
14
7
8
2
0
0
6
0
0
6
6
6
7
7
7
7
14
7
7
14
14
14
8
8
4

424
-1
0.317265
56989
5
5
13
6
5
5
13
6
1
0
3
12
3
0
5
12
5
13
3
1
0
0
12
0
0
2
12
2
13
3
1
13
6
1
0
3
12
3
0
5
12
5
13
3
1
0
0
12
0
0
2
12
2
13
3
1

316
-1
0.257279
807
6
2
6
8
6
2
6
8
1
3
0
5
0
3
7
5
7
3
8
1
0
0
2
0
0
7
2
7
3
8
0
6
8
1
3
0
5
0
3
7
5
7
3
8
1
0
0
2
0
0
7
2
7
3
8
0

799
1
0.27156
145310
2
1
20
20
2
1
20
20
2
10
0
19
0
10
9
19
9
10
10
0
10
9
10
0
19
9
19
10
10
2
0
0
9
0
0
9
9
9
10
10
10
10
19
10
10
19
19
19
10
10
4
20
20
2
10
0
19
0
10
9
19
9
10
10
0
10
9
10
0
19
9
19
10
10
2
0
0
9
0
0
9
9
9
10
10
10
10
19
10
10
19
19
19
10
10
4

313
1
0.257768
37191
9
5
6
10
9
5
6
10
1
0
5
5
5
0
9
5
9
6
5
1
0
0
5
0
0
4
5
4
6
5
1
6
10
1
0
5
5
5
0
9
5
9
6
5
1
0
0
5
0
0
4
5
4
6
5
1

105
-1
0.255459
143028
7
11
6
6
7
11
6
6
2
3
0
5
0
3
2
5
2
3
3
0
3
2
3
0
5
2
5
3
3
2
0
0
2
0
0
2
2
2
3
3
3
3
5
3
3
5
5
5
3
3
4
6
6
2
3
0
5
0
3
2
5
2
3
3
0
3
2
3
0
5
2
5
3
3
2
0
0
2
0
0
2
2
2
3
3
3
3
5
3
3
5
5
5
3
3
4

139
1
0.248373
143891
2
1
9
9
2
1
9
9
2
4
0
8
0
4
3
8
3
5
4
0
4
3
4
0
8
3
8
4
5
2
0
0
3
0
0
3
3
3
4
4
4
4
8
4
4
8
8
8
5
5
4
9
9
2
4
0
8
0
4
3
8
3
5
4
0
4
3
4
0
8
3
8
4
5
2
0
0
3
0
0
3
3
3
4
4
4
4
8
4
4
8
8
8
5
5
4

1227
-1
0.293029
72011
11
10
6
7
11
10
6
7
2
0
0
1
0
0
6
1
6
2
7
4
0
5
0
4
6
5
6
2
7
1
2
0
3
0
2
6
3
6
2
7
2
6
7
2
0
0
1
0
0
6
1
6
2
7
4
0
5
0
4
6
5
6
2
7
1
2
0
3
0
2
6
3
6
2
7
2

63
1
0.302686
25869
9
2
15
7
9
2
15
7
1
7
0
14
0
7
6
14
6
8
7
1
0
0
6
0
0
6
6
6
7
7
0
15
7
1
7
0
14
0
7
6
14
6
8
7
1
0
0
6
0
0
6
6
6
7
7
0

894
1
0.317308
2881
14
0
6
16
14
0
6
16
1
3
0
5
0
3
15
5
15
3
16
1
0
0
2
0
0
15
2
15
3
16
0
6
16
1
3
0
5
0
3
15
5
15
3
16
1
0
0
2
0
0
15
2
15
3
16
0

4366
-1
0.258408
31928
0
1
18
23
0
1
18
23
1
9
0
17
0
9
22
17
22
9
23
1
0
0
8
0
0
22
8
22
9
23
0
18
23
1
9
0
17
0
9
22
17
22
9
23
1
0
0
8
0
0
22
8
22
9
23
0

994
1
0.270868
3567
7
0
6
23
7
0
6
23
1
3
0
5
0
3
22
5
22
3
23
1
0
0
2
0
0
22
2
22
3
23
0
6
23
1
3
0
5
0
3
22
5
22
3
23
1
0
0
2
0
0
22
2
22
3
23
0

1182
-1
0.266885
18939
12
0
12
6
12
0
12
6
1
6
0
11
0
6
5
11
5
6
6
1
0
0
5
0
0
5
5
5
6
6
0
12
6
1
6
0
11
0
6
5
11
5
6
6
1
0
0
5
0
0
5
5
5
6
6
0

842
1
0.266501
36168
4
14
6
7
4
14
6
7
1
0
3
5
3
0
6
5
6
6
4
1
0
0
5
0
0
2
5
2
6
3
1
6
7
1
0
3
5
3
0
6
5
6
6
4
1
0
0
5
0
0
2
5
2
6
3
1

610
-1
0.249291
143873
0
15
9
9
0
15
9
9
2
4
0
8
0
4
3
8
3
5
4
0
4
3
4
0
8
3
8
4
5
2
0
0
3
0
0
3
3
3
4
4
4
4
8
4
4
8
8
8
5
5
4
9
9
2
4
0
8
0
4
3
8
3
5
4
0
4
3
4
0
8
3
8
4
5
2
0
0
3
0
0
3
3
3
4
4
4
4
8
4
4
8
8
8
5
5
4

1161
-1
0.266842
40288
0
4
7
9
0
4
7
9
1
0
4
6
4
0
8
6
8
7
5
1
0
0
6
0
0
3
6
3
7
4
1
7
9
1
0
4
6
4
0
8
6
8
7
5
1
0
0
6
0
0
3
6
3
7
4
1

406
1
0.271987
38662
1
7
6
17
1
7
6
17
1
0
8
5
8
0
16
5
16
6
9
1
0
0
5
0
0
7
5
7
6
8
1
6
17
1
0
8
5
8
0
16
5
16
6
9
1
0
0
5
0
0
7
5
7
6
8
1

667
1
0.286279
36208
7
0
6
7
7
0
6
7
1
0
3
5
3
0
6
5
6
6
4
1
0
0
5
0
0
2
5
2
6
3
1
6
7
1
0
3
5
3
0
6
5
6
6
4
1
0
0
5
0
0
2
5
2
6
3
1

506
-1
0.259989
144234
8
0
10
10
8
0
10
10
2
5
0
9
0
5
4
9
4
5
5
0
5
4
5
0
9
4
9
5
5
2
0
0
4
0
0
4
4
4
5
5
5
5
9
5
5
9
9
9
5
5
4
10
10
2
5
0
9
0
5
4
9
4
5
5
0
5
4
5
0
9
4
9
5
5
2
0
0
4
0
0
4
4
4
5
5
5
5
9
5
5
9
9
9
5
5
4

487
1
0.243015
13275
2
7
10
6
2
7
10
6
1
5
0
9
0
5
5
9
5
5
6
1
0
0
4
0
0
5
4
5
5
6
0
10
6
1
5
0
9
0
5
5
9
5
5
6
1
0
0
4
0
0
5
4
5
5
6
0

180
-1
0.265684
1115
5
9
6
9
5
9
6
9
1
3
0
5
0
3
8
5
8
3
9
1
0
0
2
0
0
8
2
8
3
9
0
6
9
1
3
0
5
0
3
8
5
8
3
9
1
0
0
2
0
0
8
2
8
3
9
0

69
1
0.31766
22342
11
0
13
11
11
0
13
11
1
6
0
12
0
6
10
12
10
7
11
1
0
0
5
0
0
10
5
10
6
11
0
13
11
1
6
0
12
0
6
10
12
10
7
11
1
0
0
5
0
0
10
5
10
6
11
0

703
1
0.30574
40248
15
15
7
8
15
15
7
8
1
0
4
6
4
0
7
6
7
7
4
1
0
0
6
0
0
3
6
3
7
4
1
7
8
1
0
4
6
4
0
7
6
7
7
4
1
0
0
6
0
0
3
6
3
7
4
1

1150
-1
0.260426
21168
0
0
13
6
0
0
13
6
1
6
0
12
0
6
5
12
5
7
6
1
0
0
5
0
0
5
5
5
6
6
0
13
6
1
6
0
12
0
6
5
12
5
7
6
1
0
0
5
0
0
5
5
5
6
6
0

305
-1
0.249277
46142
11
6
9
6
11
6
9
6
1
0
3
8
3
0
5
8
5
9
3
1
0
0
8
0
0
2
8
2
9
3
1
9
6
1
0
3
8
3
0
5
8
5
9
3
1
0
0
8
0
0
2
8
2
9
3
1

105
1
0.28387
42302
10
4
7
18
10
4
7
18
1
0
9
6
9
0
17
6
17
7
9
1
0
0
6
0
0
8
6
8
7
9
1
7
18
1
0
9
6
9
0
17
6
17
7
9
1
0
0
6
0
0
8
6
8
7
9
1

2019
1
0.294066
71627
9
14
6
6
9
14
6
6
2
0
0
1
0
0
5
1
5
2
6
4
0
5
0
4
5
5
5
2
6
1
2
0
3
0
2
5
3
5
2
6
2
6
6
2
0
0
1
0
0
5
1
5
2
6
4
0
5
0
4
5
5
5
2
6
1
2
0
3
0
2
5
3
5
2
6
2

1058
-1
0.288884
3319
18
0
6
19
18
0
6
19
1
3
0
5
0
3
18
5
18
3
19
1
0
0
2
0
0
18
2
18
3
19
0
6
19
1
3
0
5
0
3
18
5
18
3
19
1
0
0
2
0
0
18
2
18
3
19
0

302
1
0.287647
310
16
6
6
6
16
6
6
6
1
3
0
5
0
3
5
5
5
3
6
1
0
0
2
0
0
5
2
5
3
6
0
6
6
1
3
0
5
0
3
5
5
5
3
6
1
0
0
2
0
0
5
2
5
3
6
0

1552
-1
0.27899
46396
9
3
9
7
9
3
9
7
1
0
3
8
3
0
6
8
6
9
4
1
0
0
8
0
0
2
8
2
9
3
1
9
7
1
0
3
8
3
0
6
8
6
9
4
1
0
0
8
0
0
2
8
2
9
3
1

289
1
0.258292
38376
9
0
6
15
9
0
6
15
1
0
7
5
7
0
14
5
14
6
8
1
0
0
5
0
0
6
5
6
6
7
1
6
15
1
0
7
5
7
0
14
5
14
6
8
1
0
0
5
0
0
6
5
6
6
7
1

234
-1
0.281688
8151
15
0
8
9
15
0
8
9
1
4
0
7
0
4
8
7
8
4
9
1
0
0
3
0
0
8
3
8
4
9
0
8
9
1
4
0
7
0
4
8
7
8
4
9
1
0
0
3
0
0
8
3
8
4
9
0

1449
1
0.239779
12388
2
2
9
15
2
2
9
15
1
4
0
8
0
4
14
8
14
5
15
1
0
0
3
0
0
14
3
14
4
15
0
9
15
1
4
0
8
0
4
14
8
14
5
15
1
0
0
3
0
0
14
3
14
4
15
0

1285
-1
0.26751
75147
6
0
7
6
6
0
7
6
2
0
0
1
0
0
5
1
5
2
6
4
0
6
0
4
5
6
5
3
6
1
2
0
4
0
2
5
4
5
3
6
2
7
6
2
0
0
1
0
0
5
1
5
2
6
4
0
6
0
4
5
6
5
3
6
1
2
0
4
0
2
5
4
5
3
6
2

194
1
0.266159
19072
6
6
12
7
6
6
12
7
1
6
0
11
0
6
6
11
6
6
7
1
0
0
5
0
0
6
5
6
6
7
0
12
7
1
6
0
11
0
6
6
11
6
6
7
1
0
0
5
0
0
6
5
6
6
7
0

431
1
0.291451
228
12
0
6
6
12
0
6
6
1
3
0
5
0
3
5
5
5
3
6
1
0
0
2
0
0
5
2
5
3
6
0
6
6
1
3
0
5
0
3
5
5
5
3
6
1
0
0
2
0
0
5
2
5
3
6
0

101
-1
0.247846
143145
13
14
6
6
13
14
6
6
2
3
0
5
0
3
2
5
2
3
3
0
3
2
3
0
5
2
5
3
3
2
0
0
2
0
0
2
2
2
3
3
3
3
5
3
3
5
5
5
3
3
4
6
6
2
3
0
5
0
3
2
5
2
3
3
0
3
2
3
0
5
2
5
3
3
2
0
0
2
0
0
2
2
2
3
3
3
3
5
3
3
5
5
5
3
3
4

125
1
0.26645
144340
0
1
11
11
0
1
11
11
2
5
0
10
0
5
4
10
4
6
5
0
5
4
5
0
10
4
10
5
6
2
0
0
4
0
0
4
4
4
5
5
5
5
10
5
5
10
10
10
6
6
4
11
11
2
5
0
10
0
5
4
10
4
6
5
0
5
4
5
0
10
4
10
5
6
2
0
0
4
0
0
4
4
4
5
5
5
5
10
5
5
10
10
10
6
6
4

236
-1
0.286531
2139
0
11
6
13
0
11
6
13
1
3
0
5
0
3
12
5
12
3
13
1
0
0
2
0
0
12
2
12
3
13
0
6
13
1
3
0
5
0
3
12
5
12
3
13
1
0
0
2
0
0
12
2
12
3
13
0

312
1
0.244012
143405
8
16
7
7
8
16
7
7
2
3
0
6
0
3
2
6
2
4
3
0
3
2
3
0
6
2
6
3
4
2
0
0
2
0
0
2
2
2
3
3
3
3
6
3
3
6
6
6
4
4
4
7
7
2
3
0
6
0
3
2
6
2
4
3
0
3
2
3
0
6
2
6
3
4
2
0
0
2
0
0
2
2
2
3
3
3
3
6
3
3
6
6
6
4
4
4

82
1
0.291716
38977
7
3
6
19
7
3
6
19
1
0
9
5
9
0
18
5
18
6
10
1
0
0
5
0
0
8
5
8
6
9
1
6
19
1
0
9
5
9
0
18
5
18
6
10
1
0
0
5
0
0
8
5
8
6
9
1

229
-1
0.291812
43382
2
5
8
8
2
5
8
8
1
0
4
7
4
0
7
7
7
8
4
1
0
0
7
0
0
3
7
3
8
4
1
8
8
1
0
4
7
4
0
7
7
7
8
4
1
0
0
7
0
0
3
7
3
8
4
1

336
-1
0.245969
1715
7
2
6
11
7
2
6
11
1
3
0
5
0
3
10
5
10
3
11
1
0
0
2
0
0
10
2
10
3
11
0
6
11
1
3
0
5
0
3
10
5
10
3
11
1
0
0
2
0
0
10
2
10
3
11
0

248
1
0.282169
64567
6
7
16
17
6
7
16
17
1
0
8
15
8
0
16
15
16
16
9
1
0
0
15
0
0
7
15
7
16
8
1
16
17
1
0
8
15
8
0
16
15
16
16
9
1
0
0
15
0
0
7
15
7
16
8
1

177
1
0.294211
142896
0
12
6
6
0
12
6
6
2
3
0
5
0
3
2
5
2
3
3
0
3
2
3
0
5
2
5
3
3
2
0
0
2
0
0
2
2
2
3
3
3
3
5
3
3
5
5
5
3
3
4
6
6
2
3
0
5
0
3
2
5
2
3
3
0
3
2
3
0
5
2
5
3
3
2
0
0
2
0
0
2
2
2
3
3
3
3
5
3
3
5
5
5
3
3
4

841
-1
0.253849
36279
10
17
6
7
10
17
6
7
1
0
3
5
3
0
6
5
6
6
4
1
0
0
5
0
0
2
5
2
6
3
1
6
7
1
0
3
5
3
0
6
5
6
6
4
1
0
0
5
0
0
2
5
2
6
3
1

562
-1
0.244865
14992
6
10
10
13
6
10
10
13
1
5
0
9
0
5
12
9
12
5
13
1
0
0
4
0
0
12
4
12
5
13
0
10
13
1
5
0
9
0
5
12
9
12
5
13
1
0
0
4
0
0
12
4
12
5
13
0

1030
1
0.251884
24706
3
2
14
13
3
2
14
13
1
7
0
13
0
7
12
13
12
7
13
1
0
0
6
0
0
12
6
12
7
13
0
14
13
1
7
0
13
0
7
12
13
12
7
13
1
0
0
6
0
0
12
6
12
7
13
0

1292
-1
0.238395
42083
17
8
7
16
17
8
7
16
1
0
8
6
8
0
15
6
15
7
8
1
0
0
6
0
0
7
6
7
7
8
1
7
16
1
0
8
6
8
0
15
6
15
7
8
1
0
0
6
0
0
7
6
7
7
8
1

284
1
0.275834
36076
18
13
6
6
18
13
6
6
1
0
3
5
3
0
5
5
5
6
3
1
0
0
5
0
0
2
5
2
6
3
1
6
6
1
0
3
5
3
0
5
5
5
6
3
1
0
0
5
0
0
2
5
2
6
3
1

118
1
0.236183
10691
10
1
9
7
10
1
9
7
1
4
0
8
0
4
6
8
6
5
7
1
0
0
3
0
0
6
3
6
4
7
0
9
7
1
4
0
8
0
4
6
8
6
5
7
1
0
0
3
0
0
6
3
6
4
7
0

2569
1
0.301098
61435
0
9
15
7
0
9
15
7
1
0
3
14
3
0
6
14
6
15
4
1
0
0
14
0
0
2
14
2
15
3
1
15
7
1
0
3
14
3
0
6
14
6
15
4
1
0
0
14
0
0
2
14
2
15
3
1

