1
0.305
24
24
3
88
-1
2.59476
10123
8
0
4
8
8
0
4
8
1
2
0
3
0
2
7
3
7
2
8
1
0
0
1
0
0
7
1
7
2
8
0
4
8
1
2
0
3
0
2
7
3
7
2
8
1
0
0
1
0
0
7
1
7
2
8
0

600
-1
2.15325
77475
5
0
14
6
5
0
14
6
1
0
3
13
3
0
5
13
5
14
3
1
0
0
13
0
0
2
13
2
14
3
1
14
6
1
0
3
13
3
0
5
13
5
14
3
1
0
0
13
0
0
2
13
2
14
3
1

9713
-1
2.23492
140532
2
1
20
12
2
1
20
12
2
0
0
19
0
0
3
19
3
20
4
0
8
19
8
0
11
19
11
20
4
1
0
4
19
4
0
7
19
7
20
4
3
20
12
2
0
0
19
0
0
3
19
3
20
4
0
8
19
8
0
11
19
11
20
4
1
0
4
19
4
0
7
19
7
20
4
3

